# Format version: 0.2
# $ | <timestamp> | <delta-begin> | <delta-end> | <metric 1> ... <metric N> | <tau callpath> | <location> [ PC callstack ]
# % | <delta-begin metric 1> ... <delta-begin metric N> | <delta-end metric 1> ... <delta-end metric N> | <tau callpath>
# Metrics: TIME
$ | 1592834415956772 | 1592834415929513 | 0 | 1592834415956772 | 15 | 0x4450a8$ | 1592834415986770 | 1592834415929513 | 0 | 1592834415986770 | 15 | 0x4450d0$ | 1592834416016767 | 1592834415989061 | 0 | 1592834416016767 | 18 | 0x44521e$ | 1592834416046763 | 1592834415989061 | 0 | 1592834416046763 | 18 | 0x445249$ | 1592834416076764 | 1592834415989061 | 0 | 1592834416076764 | 18 | 0x44523c% | 1592834415989061 | 1592834416104403 | 18
% | 1592834415929513 | 1592834416104405 | 15
$ | 1592834416106771 | 1592834416104995 | 0 | 1592834416106772 | 37 | 0x444f4b$ | 1592834416136772 | 1592834416104995 | 0 | 1592834416136772 | 37 | 0x444f41$ | 1592834416166771 | 1592834416104995 | 0 | 1592834416166772 | 37 | 0x444f55% | 1592834416104995 | 1592834416170174 | 37
$ | 1592834416196772 | 1592834416170606 | 0 | 1592834416196773 | 37 | 0x444f41$ | 1592834416226771 | 1592834416170606 | 0 | 1592834416226772 | 37 | 0x444f55% | 1592834416170606 | 1592834416234196 | 37
$ | 1592834416256773 | 1592834416234917 | 0 | 1592834416256773 | 37 | 0x444f4b$ | 1592834416286773 | 1592834416234917 | 0 | 1592834416286773 | 37 | 0x444f41% | 1592834416234917 | 1592834416298561 | 37
$ | 1592834416316773 | 1592834416299446 | 0 | 1592834416316773 | 37 | 0x444f4b$ | 1592834416346772 | 1592834416299446 | 0 | 1592834416346772 | 37 | 0x444f4b% | 1592834416299446 | 1592834416362981 | 37
$ | 1592834416376772 | 1592834416363715 | 0 | 1592834416376773 | 37 | 0x444f4b$ | 1592834416406771 | 1592834416363715 | 0 | 1592834416406771 | 37 | 0x444f37% | 1592834416363715 | 1592834416427264 | 37
$ | 1592834416436773 | 1592834416428004 | 0 | 1592834416436773 | 37 | 0x444f45$ | 1592834416466771 | 1592834416428004 | 0 | 1592834416466772 | 37 | 0x444f4b% | 1592834416428004 | 1592834416491659 | 37
$ | 1592834416496771 | 1592834416492469 | 0 | 1592834416496772 | 37 | 0x444f4b$ | 1592834416526771 | 1592834416492469 | 0 | 1592834416526772 | 37 | 0x444f45% | 1592834416492469 | 1592834416555944 | 37
$ | 1592834416556768 | 1592834416556686 | 0 | 1592834416556768 | 37 | 0x444f4b$ | 1592834416586772 | 1592834416556686 | 0 | 1592834416586772 | 37 | 0x444f41$ | 1592834416616771 | 1592834416556686 | 0 | 1592834416616771 | 37 | 0x444f41% | 1592834416556686 | 1592834416620286 | 37
$ | 1592834416646772 | 1592834416620979 | 0 | 1592834416646772 | 37 | 0x444f55$ | 1592834416676771 | 1592834416620979 | 0 | 1592834416676771 | 37 | 0x444f4b% | 1592834416620979 | 1592834416684629 | 37
$ | 1592834416706772 | 1592834416685442 | 0 | 1592834416706772 | 37 | 0x444f41$ | 1592834416736772 | 1592834416685442 | 0 | 1592834416736773 | 37 | 0x444f1d% | 1592834416685442 | 1592834416748960 | 37
$ | 1592834416766773 | 1592834416749742 | 0 | 1592834416766774 | 37 | 0x444f41$ | 1592834416796772 | 1592834416749742 | 0 | 1592834416796772 | 37 | 0x444f4b% | 1592834416749742 | 1592834416813395 | 37
$ | 1592834416826772 | 1592834416814042 | 0 | 1592834416826772 | 37 | 0x444f4b$ | 1592834416856772 | 1592834416814042 | 0 | 1592834416856772 | 37 | 0x444f30% | 1592834416814042 | 1592834416877672 | 37
$ | 1592834416886772 | 1592834416878515 | 0 | 1592834416886772 | 37 | 0x444f41$ | 1592834416916771 | 1592834416878515 | 0 | 1592834416916772 | 37 | 0x444f41% | 1592834416878515 | 1592834416942057 | 37
$ | 1592834416946771 | 1592834416942725 | 0 | 1592834416946771 | 37 | 0x444f4b$ | 1592834416976770 | 1592834416942725 | 0 | 1592834416976771 | 37 | 0x444f41% | 1592834416942725 | 1592834417006283 | 37
$ | 1592834417006768 | 1592834417006669 | 0 | 1592834417006768 | 26 | 0x7fe87089d420% | 1592834417006669 | 1592834417006965 | 26
$ | 1592834417036772 | 1592834417007067 | 0 | 1592834417036772 | 37 | 0x444f41$ | 1592834417066771 | 1592834417007067 | 0 | 1592834417066772 | 37 | 0x444f1d% | 1592834417007067 | 1592834417070701 | 37
$ | 1592834417096772 | 1592834417071530 | 0 | 1592834417096772 | 37 | 0x444f41$ | 1592834417126771 | 1592834417071530 | 0 | 1592834417126771 | 37 | 0x444f45% | 1592834417071530 | 1592834417135100 | 37
$ | 1592834417156772 | 1592834417135812 | 0 | 1592834417156773 | 37 | 0x444f30$ | 1592834417186770 | 1592834417135812 | 0 | 1592834417186771 | 37 | 0x444f4b% | 1592834417135812 | 1592834417199433 | 37
$ | 1592834417216772 | 1592834417200164 | 0 | 1592834417216772 | 37 | 0x444f45$ | 1592834417246771 | 1592834417200164 | 0 | 1592834417246772 | 37 | 0x444f41% | 1592834417200164 | 1592834417263750 | 37
$ | 1592834417276772 | 1592834417264597 | 0 | 1592834417276773 | 37 | 0x444f55$ | 1592834417306771 | 1592834417264597 | 0 | 1592834417306771 | 37 | 0x444f41% | 1592834417264597 | 1592834417328136 | 37
$ | 1592834417336772 | 1592834417328850 | 0 | 1592834417336772 | 37 | 0x444f45$ | 1592834417366771 | 1592834417328850 | 0 | 1592834417366771 | 37 | 0x444f4b% | 1592834417328850 | 1592834417392452 | 37
$ | 1592834417396772 | 1592834417393117 | 0 | 1592834417396772 | 37 | 0x444f41$ | 1592834417426772 | 1592834417393117 | 0 | 1592834417426772 | 37 | 0x444f4b% | 1592834417393117 | 1592834417456728 | 37
$ | 1592834417456768 | 1592834417456742 | 0 | 1592834417456768 | 26 | 0x7fe864ea856b% | 1592834417456742 | 1592834417456861 | 26
$ | 1592834417486772 | 1592834417457605 | 0 | 1592834417486772 | 37 | 0x444f41$ | 1592834417516772 | 1592834417457605 | 0 | 1592834417516772 | 37 | 0x444f26% | 1592834417457605 | 1592834417521130 | 37
$ | 1592834417546772 | 1592834417521869 | 0 | 1592834417546773 | 37 | 0x444f41$ | 1592834417576771 | 1592834417521869 | 0 | 1592834417576771 | 37 | 0x444f4b% | 1592834417521869 | 1592834417585453 | 37
$ | 1592834417606772 | 1592834417586182 | 0 | 1592834417606772 | 37 | 0x444f4b$ | 1592834417636772 | 1592834417586182 | 0 | 1592834417636772 | 37 | 0x444f37% | 1592834417586182 | 1592834417649828 | 37
$ | 1592834417666773 | 1592834417650609 | 0 | 1592834417666773 | 37 | 0x444f41$ | 1592834417696772 | 1592834417650609 | 0 | 1592834417696772 | 37 | 0x444f4f% | 1592834417650609 | 1592834417714126 | 37
$ | 1592834417726772 | 1592834417714908 | 0 | 1592834417726772 | 37 | 0x444f4f$ | 1592834417756771 | 1592834417714908 | 0 | 1592834417756771 | 37 | 0x444f4b% | 1592834417714908 | 1592834417778508 | 37
$ | 1592834417786772 | 1592834417779196 | 0 | 1592834417786773 | 37 | 0x444f55$ | 1592834417816772 | 1592834417779196 | 0 | 1592834417816772 | 37 | 0x444f41% | 1592834417779196 | 1592834417842876 | 37
$ | 1592834417846772 | 1592834417843620 | 0 | 1592834417846772 | 37 | 0x444f4b$ | 1592834417876772 | 1592834417843620 | 0 | 1592834417876772 | 37 | 0x444f41$ | 1592834417906771 | 1592834417843620 | 0 | 1592834417906771 | 37 | 0x444f4b% | 1592834417843620 | 1592834417907238 | 37
$ | 1592834417936773 | 1592834417907896 | 0 | 1592834417936774 | 37 | 0x444f26$ | 1592834417966771 | 1592834417907896 | 0 | 1592834417966772 | 37 | 0x444f41% | 1592834417907896 | 1592834417971446 | 37
$ | 1592834417996772 | 1592834417972185 | 0 | 1592834417996772 | 37 | 0x444f4b$ | 1592834418026772 | 1592834417972185 | 0 | 1592834418026772 | 37 | 0x444f41% | 1592834417972185 | 1592834418035802 | 37
$ | 1592834418056773 | 1592834418036631 | 0 | 1592834418056774 | 37 | 0x444f4b$ | 1592834418086772 | 1592834418036631 | 0 | 1592834418086773 | 37 | 0x444f55% | 1592834418036631 | 1592834418100175 | 37
$ | 1592834418116773 | 1592834418100910 | 0 | 1592834418116774 | 37 | 0x444f4b$ | 1592834418146772 | 1592834418100910 | 0 | 1592834418146772 | 37 | 0x444f4f% | 1592834418100910 | 1592834418164562 | 37
$ | 1592834418176772 | 1592834418165245 | 0 | 1592834418176772 | 37 | 0x444f4f$ | 1592834418206772 | 1592834418165245 | 0 | 1592834418206772 | 37 | 0x444f4b% | 1592834418165245 | 1592834418228869 | 37
$ | 1592834418236771 | 1592834418229678 | 0 | 1592834418236772 | 37 | 0x444f41$ | 1592834418266772 | 1592834418229678 | 0 | 1592834418266772 | 37 | 0x444f4b% | 1592834418229678 | 1592834418293215 | 37
$ | 1592834418296772 | 1592834418293953 | 0 | 1592834418296772 | 37 | 0x444f37$ | 1592834418326779 | 1592834418293953 | 0 | 1592834418326779 | 37 | 0x444f37$ | 1592834418356774 | 1592834418293953 | 0 | 1592834418356775 | 37 | 0x444f55% | 1592834418293953 | 1592834418359298 | 37
$ | 1592834418386773 | 1592834418359833 | 0 | 1592834418386773 | 37 | 0x444f41$ | 1592834418416772 | 1592834418359833 | 0 | 1592834418416772 | 37 | 0x444f41% | 1592834418359833 | 1592834418425019 | 37
$ | 1592834418446772 | 1592834418425659 | 0 | 1592834418446773 | 37 | 0x444f26$ | 1592834418476772 | 1592834418425659 | 0 | 1592834418476772 | 37 | 0x444f1d% | 1592834418425659 | 1592834418490750 | 37
$ | 1592834418506773 | 1592834418491308 | 0 | 1592834418506773 | 37 | 0x444f41$ | 1592834418536772 | 1592834418491308 | 0 | 1592834418536772 | 37 | 0x444f37% | 1592834418491308 | 1592834418556501 | 37
$ | 1592834418566773 | 1592834418557052 | 0 | 1592834418566773 | 37 | 0x444f37$ | 1592834418596772 | 1592834418557052 | 0 | 1592834418596772 | 37 | 0x444f26% | 1592834418557052 | 1592834418622234 | 37
$ | 1592834418626772 | 1592834418622906 | 0 | 1592834418626772 | 37 | 0x444f37$ | 1592834418656772 | 1592834418622906 | 0 | 1592834418656772 | 37 | 0x444f4f$ | 1592834418686772 | 1592834418622906 | 0 | 1592834418686773 | 37 | 0x444f41% | 1592834418622906 | 1592834418687996 | 37
$ | 1592834418716772 | 1592834418688579 | 0 | 1592834418716773 | 37 | 0x444f45$ | 1592834418746772 | 1592834418688579 | 0 | 1592834418746772 | 37 | 0x444f4b% | 1592834418688579 | 1592834418753697 | 37
$ | 1592834418776773 | 1592834418754288 | 0 | 1592834418776773 | 37 | 0x444f4b$ | 1592834418806772 | 1592834418754288 | 0 | 1592834418806772 | 37 | 0x444f4b% | 1592834418754288 | 1592834418819537 | 37
$ | 1592834418836772 | 1592834418820172 | 0 | 1592834418836772 | 37 | 0x444f26$ | 1592834418866772 | 1592834418820172 | 0 | 1592834418866772 | 37 | 0x444f41% | 1592834418820172 | 1592834418885283 | 37
$ | 1592834418896773 | 1592834418885847 | 0 | 1592834418896773 | 37 | 0x444f4b$ | 1592834418926771 | 1592834418885847 | 0 | 1592834418926771 | 37 | 0x444f41% | 1592834418885847 | 1592834418951030 | 37
$ | 1592834418956772 | 1592834418951537 | 0 | 1592834418956772 | 37 | 0x444f55$ | 1592834418986772 | 1592834418951537 | 0 | 1592834418986772 | 37 | 0x444f4b% | 1592834418951537 | 1592834419016708 | 37
$ | 1592834419016768 | 1592834419016723 | 0 | 1592834419016769 | 26 | 0x7fe87024e4a3% | 1592834419016723 | 1592834419016842 | 26
$ | 1592834419046772 | 1592834419017414 | 0 | 1592834419046772 | 37 | 0x444f26$ | 1592834419076771 | 1592834419017414 | 0 | 1592834419076771 | 37 | 0x444f55% | 1592834419017414 | 1592834419082501 | 37
$ | 1592834419106773 | 1592834419083070 | 0 | 1592834419106773 | 37 | 0x444f41$ | 1592834419136771 | 1592834419083070 | 0 | 1592834419136772 | 37 | 0x444f41% | 1592834419083070 | 1592834419148226 | 37
$ | 1592834419166772 | 1592834419148770 | 0 | 1592834419166772 | 37 | 0x444f41$ | 1592834419196772 | 1592834419148770 | 0 | 1592834419196772 | 37 | 0x444f26% | 1592834419148770 | 1592834419214051 | 37
$ | 1592834419226773 | 1592834419214740 | 0 | 1592834419226773 | 37 | 0x444f4b$ | 1592834419256771 | 1592834419214740 | 0 | 1592834419256772 | 37 | 0x444f55% | 1592834419214740 | 1592834419279892 | 37
$ | 1592834419286772 | 1592834419280413 | 0 | 1592834419286773 | 37 | 0x444f4b$ | 1592834419316772 | 1592834419280413 | 0 | 1592834419316772 | 37 | 0x444f30% | 1592834419280413 | 1592834419345546 | 37
$ | 1592834419346772 | 1592834419346086 | 0 | 1592834419346772 | 37 | 0x444f37$ | 1592834419376772 | 1592834419346086 | 0 | 1592834419376773 | 37 | 0x444f4f$ | 1592834419406773 | 1592834419346086 | 0 | 1592834419406773 | 37 | 0x444f26% | 1592834419346086 | 1592834419411259 | 37
$ | 1592834419436772 | 1592834419411976 | 0 | 1592834419436773 | 37 | 0x444f4b$ | 1592834419466771 | 1592834419411976 | 0 | 1592834419466771 | 37 | 0x444f41% | 1592834419411976 | 1592834419477089 | 37
$ | 1592834419496772 | 1592834419477609 | 0 | 1592834419496772 | 37 | 0x444f45$ | 1592834419526771 | 1592834419477609 | 0 | 1592834419526772 | 37 | 0x444f4b% | 1592834419477609 | 1592834419542777 | 37
$ | 1592834419556772 | 1592834419543344 | 0 | 1592834419556772 | 37 | 0x444f4b$ | 1592834419586772 | 1592834419543344 | 0 | 1592834419586772 | 37 | 0x444f4b% | 1592834419543344 | 1592834419608561 | 37
$ | 1592834419616773 | 1592834419609240 | 0 | 1592834419616773 | 37 | 0x444f45$ | 1592834419646773 | 1592834419609240 | 0 | 1592834419646773 | 37 | 0x444f55% | 1592834419609240 | 1592834419674500 | 37
$ | 1592834419676771 | 1592834419675100 | 0 | 1592834419676771 | 37 | 0x444f4b$ | 1592834419706772 | 1592834419675100 | 0 | 1592834419706773 | 37 | 0x444f4b$ | 1592834419736772 | 1592834419675100 | 0 | 1592834419736772 | 37 | 0x444f55% | 1592834419675100 | 1592834419740296 | 37
$ | 1592834419766772 | 1592834419740815 | 0 | 1592834419766773 | 37 | 0x444f41$ | 1592834419796771 | 1592834419740815 | 0 | 1592834419796772 | 37 | 0x444f45% | 1592834419740815 | 1592834419806014 | 37
$ | 1592834419826772 | 1592834419806716 | 0 | 1592834419826773 | 37 | 0x444f4b$ | 1592834419856771 | 1592834419806716 | 0 | 1592834419856772 | 37 | 0x444f4b% | 1592834419806716 | 1592834419871782 | 37
$ | 1592834419886772 | 1592834419872440 | 0 | 1592834419886772 | 37 | 0x444f4b$ | 1592834419916772 | 1592834419872440 | 0 | 1592834419916772 | 37 | 0x444f4b% | 1592834419872440 | 1592834419937568 | 37
$ | 1592834419946772 | 1592834419938141 | 0 | 1592834419946772 | 37 | 0x444f4b$ | 1592834419976771 | 1592834419938141 | 0 | 1592834419976772 | 37 | 0x444f4b% | 1592834419938141 | 1592834420003329 | 37
$ | 1592834420006771 | 1592834420004025 | 0 | 1592834420006772 | 37 | 0x444f37$ | 1592834420036772 | 1592834420004025 | 0 | 1592834420036772 | 37 | 0x444f55$ | 1592834420066772 | 1592834420004025 | 0 | 1592834420066772 | 37 | 0x444f41% | 1592834420004025 | 1592834420069122 | 37
$ | 1592834420096772 | 1592834420069697 | 0 | 1592834420096772 | 37 | 0x444f4b$ | 1592834420126771 | 1592834420069697 | 0 | 1592834420126771 | 37 | 0x444f55% | 1592834420069697 | 1592834420134839 | 37
$ | 1592834420156772 | 1592834420135395 | 0 | 1592834420156773 | 37 | 0x444f41$ | 1592834420186772 | 1592834420135395 | 0 | 1592834420186772 | 37 | 0x444f41% | 1592834420135395 | 1592834420200741 | 37
$ | 1592834420216771 | 1592834420201426 | 0 | 1592834420216772 | 37 | 0x444f4b$ | 1592834420246772 | 1592834420201426 | 0 | 1592834420246773 | 37 | 0x444f41% | 1592834420201426 | 1592834420266581 | 37
$ | 1592834420276773 | 1592834420267131 | 0 | 1592834420276773 | 37 | 0x444f37$ | 1592834420306771 | 1592834420267131 | 0 | 1592834420306772 | 37 | 0x444f4b% | 1592834420267131 | 1592834420332253 | 37
$ | 1592834420336771 | 1592834420332820 | 0 | 1592834420336772 | 37 | 0x444f20$ | 1592834420366772 | 1592834420332820 | 0 | 1592834420366772 | 37 | 0x444f4b$ | 1592834420396771 | 1592834420332820 | 0 | 1592834420396771 | 37 | 0x444f37% | 1592834420332820 | 1592834420397997 | 37
$ | 1592834420426773 | 1592834420398668 | 0 | 1592834420426773 | 37 | 0x444f41$ | 1592834420456771 | 1592834420398668 | 0 | 1592834420456772 | 37 | 0x444f41% | 1592834420398668 | 1592834420463741 | 37
$ | 1592834420486773 | 1592834420464281 | 0 | 1592834420486773 | 37 | 0x444f4b$ | 1592834420516772 | 1592834420464281 | 0 | 1592834420516773 | 37 | 0x444f41% | 1592834420464281 | 1592834420529494 | 37
$ | 1592834420546773 | 1592834420529940 | 0 | 1592834420546773 | 37 | 0x444f30$ | 1592834420576772 | 1592834420529940 | 0 | 1592834420576772 | 37 | 0x444f4b% | 1592834420529940 | 1592834420595116 | 37
$ | 1592834420606772 | 1592834420595834 | 0 | 1592834420606772 | 37 | 0x444f41$ | 1592834420636771 | 1592834420595834 | 0 | 1592834420636772 | 37 | 0x444f45% | 1592834420595834 | 1592834420660962 | 37
$ | 1592834420666772 | 1592834420661506 | 0 | 1592834420666773 | 37 | 0x444f41$ | 1592834420696773 | 1592834420661506 | 0 | 1592834420696773 | 37 | 0x444f37% | 1592834420661506 | 1592834420726638 | 37
$ | 1592834420726769 | 1592834420726694 | 0 | 1592834420726769 | 26 | 0x7fe864ea8547% | 1592834420726694 | 1592834420727180 | 26
$ | 1592834420756773 | 1592834420727283 | 0 | 1592834420756773 | 37 | 0x444f4b$ | 1592834420786772 | 1592834420727283 | 0 | 1592834420786772 | 37 | 0x444f37% | 1592834420727283 | 1592834420792571 | 37
$ | 1592834420816774 | 1592834420793122 | 0 | 1592834420816774 | 37 | 0x444f26$ | 1592834420846772 | 1592834420793122 | 0 | 1592834420846772 | 37 | 0x444f4b% | 1592834420793122 | 1592834420858215 | 37
$ | 1592834420876773 | 1592834420858848 | 0 | 1592834420876774 | 37 | 0x444f37$ | 1592834420906772 | 1592834420858848 | 0 | 1592834420906772 | 37 | 0x444f41% | 1592834420858848 | 1592834420924137 | 37
$ | 1592834420936772 | 1592834420924694 | 0 | 1592834420936772 | 37 | 0x444f45$ | 1592834420966772 | 1592834420924694 | 0 | 1592834420966772 | 37 | 0x444f41% | 1592834420924694 | 1592834420989895 | 37
$ | 1592834420996772 | 1592834420990559 | 0 | 1592834420996772 | 37 | 0x444f4b$ | 1592834421026772 | 1592834420990559 | 0 | 1592834421026772 | 37 | 0x444f4b% | 1592834420990559 | 1592834421055669 | 37
$ | 1592834421056770 | 1592834421056230 | 0 | 1592834421056770 | 37 | 0x444f4b$ | 1592834421086773 | 1592834421056230 | 0 | 1592834421086773 | 37 | 0x444f4b$ | 1592834421116771 | 1592834421056230 | 0 | 1592834421116772 | 37 | 0x444f4b% | 1592834421056230 | 1592834421121395 | 37
$ | 1592834421146772 | 1592834421121892 | 0 | 1592834421146773 | 37 | 0x444f41$ | 1592834421176772 | 1592834421121892 | 0 | 1592834421176773 | 37 | 0x444f41% | 1592834421121892 | 1592834421187127 | 37
$ | 1592834421206772 | 1592834421187770 | 0 | 1592834421206772 | 37 | 0x444f4b$ | 1592834421236771 | 1592834421187770 | 0 | 1592834421236772 | 37 | 0x444f41% | 1592834421187770 | 1592834421252909 | 37
$ | 1592834421266773 | 1592834421253462 | 0 | 1592834421266774 | 37 | 0x444f4f$ | 1592834421296772 | 1592834421253462 | 0 | 1592834421296772 | 37 | 0x444f4b% | 1592834421253462 | 1592834421318640 | 37
$ | 1592834421326771 | 1592834421319207 | 0 | 1592834421326772 | 37 | 0x444f4b$ | 1592834421356772 | 1592834421319207 | 0 | 1592834421356773 | 37 | 0x444f41% | 1592834421319207 | 1592834421384344 | 37
$ | 1592834421386772 | 1592834421385105 | 0 | 1592834421386772 | 37 | 0x444f55$ | 1592834421416771 | 1592834421385105 | 0 | 1592834421416772 | 37 | 0x444f41$ | 1592834421446772 | 1592834421385105 | 0 | 1592834421446772 | 37 | 0x444f4b% | 1592834421385105 | 1592834421450200 | 37
$ | 1592834421476772 | 1592834421450775 | 0 | 1592834421476773 | 37 | 0x444f4f$ | 1592834421506771 | 1592834421450775 | 0 | 1592834421506771 | 37 | 0x444f4f% | 1592834421450775 | 1592834421515950 | 37
$ | 1592834421536773 | 1592834421516547 | 0 | 1592834421536773 | 37 | 0x444f41$ | 1592834421566772 | 1592834421516547 | 0 | 1592834421566772 | 37 | 0x444f37% | 1592834421516547 | 1592834421581739 | 37
$ | 1592834421596772 | 1592834421582392 | 0 | 1592834421596773 | 37 | 0x444f4b$ | 1592834421626772 | 1592834421582392 | 0 | 1592834421626772 | 37 | 0x444f26% | 1592834421582392 | 1592834421647515 | 37
$ | 1592834421656772 | 1592834421648080 | 0 | 1592834421656772 | 37 | 0x444f37$ | 1592834421686772 | 1592834421648080 | 0 | 1592834421686772 | 37 | 0x444f26% | 1592834421648080 | 1592834421713229 | 37
$ | 1592834421716771 | 1592834421713749 | 0 | 1592834421716772 | 37 | 0x444f4b$ | 1592834421746772 | 1592834421713749 | 0 | 1592834421746772 | 37 | 0x444f4b$ | 1592834421776771 | 1592834421713749 | 0 | 1592834421776771 | 37 | 0x444f55% | 1592834421713749 | 1592834421778927 | 37
$ | 1592834421806772 | 1592834421779569 | 0 | 1592834421806773 | 37 | 0x444f41$ | 1592834421836772 | 1592834421779569 | 0 | 1592834421836773 | 37 | 0x444f4f% | 1592834421779569 | 1592834421844669 | 37
$ | 1592834421866772 | 1592834421845213 | 0 | 1592834421866773 | 37 | 0x444f55$ | 1592834421896771 | 1592834421845213 | 0 | 1592834421896772 | 37 | 0x444f41% | 1592834421845213 | 1592834421910344 | 37
$ | 1592834421926773 | 1592834421910947 | 0 | 1592834421926773 | 37 | 0x444f45$ | 1592834421956772 | 1592834421910947 | 0 | 1592834421956772 | 37 | 0x444f4b% | 1592834421910947 | 1592834421976115 | 37
$ | 1592834421986772 | 1592834421976825 | 0 | 1592834421986772 | 37 | 0x444f26$ | 1592834422016771 | 1592834421976825 | 0 | 1592834422016771 | 37 | 0x444f41% | 1592834421976825 | 1592834422041918 | 37
$ | 1592834422046772 | 1592834422042479 | 0 | 1592834422046772 | 37 | 0x444f2c$ | 1592834422076772 | 1592834422042479 | 0 | 1592834422076773 | 37 | 0x444f55$ | 1592834422106771 | 1592834422042479 | 0 | 1592834422106771 | 37 | 0x444f4b% | 1592834422042479 | 1592834422107656 | 37
$ | 1592834422136772 | 1592834422108224 | 0 | 1592834422136772 | 37 | 0x444f41$ | 1592834422166770 | 1592834422108224 | 0 | 1592834422166770 | 37 | 0x444f41% | 1592834422108224 | 1592834422173434 | 37
$ | 1592834422196773 | 1592834422174108 | 0 | 1592834422196773 | 37 | 0x444f4b$ | 1592834422226772 | 1592834422174108 | 0 | 1592834422226772 | 37 | 0x444f4b% | 1592834422174108 | 1592834422239255 | 37
$ | 1592834422256772 | 1592834422239772 | 0 | 1592834422256772 | 37 | 0x444f4b$ | 1592834422286771 | 1592834422239772 | 0 | 1592834422286772 | 37 | 0x444f37% | 1592834422239772 | 1592834422304960 | 37
$ | 1592834422316772 | 1592834422305503 | 0 | 1592834422316773 | 37 | 0x444f1d$ | 1592834422346772 | 1592834422305503 | 0 | 1592834422346772 | 37 | 0x444f4b% | 1592834422305503 | 1592834422370715 | 37
$ | 1592834422376772 | 1592834422371343 | 0 | 1592834422376772 | 37 | 0x444f4b$ | 1592834422406771 | 1592834422371343 | 0 | 1592834422406772 | 37 | 0x444f41% | 1592834422371343 | 1592834422436445 | 37
$ | 1592834422436768 | 1592834422436631 | 0 | 1592834422436768 | 26 | 0x7fe85fde2924% | 1592834422436631 | 1592834422436876 | 26
$ | 1592834422466772 | 1592834422436966 | 0 | 1592834422466772 | 37 | 0x444f4b$ | 1592834422496772 | 1592834422436966 | 0 | 1592834422496772 | 37 | 0x444f41% | 1592834422436966 | 1592834422502077 | 37
$ | 1592834422526773 | 1592834422502640 | 0 | 1592834422526773 | 37 | 0x444f55$ | 1592834422556772 | 1592834422502640 | 0 | 1592834422556772 | 37 | 0x444f4b% | 1592834422502640 | 1592834422567840 | 37
$ | 1592834422586773 | 1592834422568551 | 0 | 1592834422586773 | 37 | 0x444f4b$ | 1592834422616772 | 1592834422568551 | 0 | 1592834422616772 | 37 | 0x444f4b% | 1592834422568551 | 1592834422633714 | 37
# exe: /lustrehome/home/s.engkadac/profiling/wave2d/tau/ex05-with-taucompilers-tracing/wave2d
# node: 6
# thread: 0
