# Format version: 0.2
# $ | <timestamp> | <delta-begin> | <delta-end> | <metric 1> ... <metric N> | <tau callpath> | <location> [ PC callstack ]
# % | <delta-begin metric 1> ... <delta-begin metric N> | <delta-end metric 1> ... <delta-end metric N> | <tau callpath>
# Metrics: TIME
$ | 1592834415956402 | 1592834415929542 | 0 | 1592834415956402 | 15 | 0x4450a8$ | 1592834415986400 | 1592834415929542 | 0 | 1592834415986400 | 15 | 0x4450d0$ | 1592834416016395 | 1592834415987504 | 0 | 1592834416016395 | 18 | 0x44523c$ | 1592834416046394 | 1592834415987504 | 0 | 1592834416046394 | 18 | 0x44523c$ | 1592834416076393 | 1592834415987504 | 0 | 1592834416076393 | 18 | 0x44523c% | 1592834415987504 | 1592834416099596 | 18
% | 1592834415929542 | 1592834416099598 | 15
$ | 1592834416106400 | 1592834416105040 | 0 | 1592834416106400 | 37 | 0x444f4b$ | 1592834416136402 | 1592834416105040 | 0 | 1592834416136402 | 37 | 0x444f4b$ | 1592834416166400 | 1592834416105040 | 0 | 1592834416166400 | 37 | 0x444f4b% | 1592834416105040 | 1592834416169130 | 37
$ | 1592834416196402 | 1592834416170586 | 0 | 1592834416196402 | 37 | 0x444f4f$ | 1592834416226401 | 1592834416170586 | 0 | 1592834416226401 | 37 | 0x444f37% | 1592834416170586 | 1592834416234338 | 37
$ | 1592834416256402 | 1592834416234737 | 0 | 1592834416256402 | 37 | 0x444f4b$ | 1592834416286402 | 1592834416234737 | 0 | 1592834416286402 | 37 | 0x444f4b% | 1592834416234737 | 1592834416298454 | 37
$ | 1592834416316402 | 1592834416299005 | 0 | 1592834416316402 | 37 | 0x444f4b$ | 1592834416346401 | 1592834416299005 | 0 | 1592834416346401 | 37 | 0x444f4b% | 1592834416299005 | 1592834416362718 | 37
$ | 1592834416376401 | 1592834416363445 | 0 | 1592834416376401 | 37 | 0x444f4b$ | 1592834416406401 | 1592834416363445 | 0 | 1592834416406401 | 37 | 0x444f41% | 1592834416363445 | 1592834416427224 | 37
$ | 1592834416436401 | 1592834416427791 | 0 | 1592834416436401 | 37 | 0x444f4b$ | 1592834416466402 | 1592834416427791 | 0 | 1592834416466402 | 37 | 0x444f55% | 1592834416427791 | 1592834416491563 | 37
$ | 1592834416496401 | 1592834416492106 | 0 | 1592834416496401 | 37 | 0x444f4b$ | 1592834416526401 | 1592834416492106 | 0 | 1592834416526402 | 37 | 0x444f45% | 1592834416492106 | 1592834416555759 | 37
$ | 1592834416556397 | 1592834416556334 | 0 | 1592834416556397 | 29 | 0x7f66901a04a3% | 1592834416556334 | 1592834416556459 | 29
$ | 1592834416586402 | 1592834416556471 | 0 | 1592834416586403 | 37 | 0x444f4b$ | 1592834416616402 | 1592834416556471 | 0 | 1592834416616402 | 37 | 0x444f26% | 1592834416556471 | 1592834416620186 | 37
$ | 1592834416646403 | 1592834416620759 | 0 | 1592834416646403 | 37 | 0x444f4b$ | 1592834416676400 | 1592834416620759 | 0 | 1592834416676401 | 37 | 0x444f41% | 1592834416620759 | 1592834416684495 | 37
$ | 1592834416706402 | 1592834416685027 | 0 | 1592834416706402 | 37 | 0x444f41$ | 1592834416736401 | 1592834416685027 | 0 | 1592834416736401 | 37 | 0x444f4b% | 1592834416685027 | 1592834416748685 | 37
$ | 1592834416766402 | 1592834416749481 | 0 | 1592834416766402 | 37 | 0x444f26$ | 1592834416796401 | 1592834416749481 | 0 | 1592834416796402 | 37 | 0x444f41% | 1592834416749481 | 1592834416813227 | 37
$ | 1592834416826402 | 1592834416813800 | 0 | 1592834416826402 | 37 | 0x444f4b$ | 1592834416856401 | 1592834416813800 | 0 | 1592834416856401 | 37 | 0x444f41% | 1592834416813800 | 1592834416877549 | 37
$ | 1592834416886400 | 1592834416878131 | 0 | 1592834416886401 | 37 | 0x444f4b$ | 1592834416916402 | 1592834416878131 | 0 | 1592834416916402 | 37 | 0x444f26% | 1592834416878131 | 1592834416941759 | 37
$ | 1592834416946401 | 1592834416942530 | 0 | 1592834416946401 | 37 | 0x444f4b$ | 1592834416976401 | 1592834416942530 | 0 | 1592834416976401 | 37 | 0x444f26% | 1592834416942530 | 1592834417006220 | 37
$ | 1592834417006396 | 1592834417006259 | 0 | 1592834417006396 | 26 | 0x7f667fde28ce% | 1592834417006259 | 1592834417006582 | 26
$ | 1592834417036402 | 1592834417006756 | 0 | 1592834417036402 | 37 | 0x444f4b$ | 1592834417066401 | 1592834417006756 | 0 | 1592834417066401 | 37 | 0x444f45% | 1592834417006756 | 1592834417070491 | 37
$ | 1592834417096402 | 1592834417071144 | 0 | 1592834417096402 | 37 | 0x444f41$ | 1592834417126401 | 1592834417071144 | 0 | 1592834417126401 | 37 | 0x444f1d% | 1592834417071144 | 1592834417134837 | 37
$ | 1592834417156401 | 1592834417135465 | 0 | 1592834417156402 | 37 | 0x444f1d$ | 1592834417186400 | 1592834417135465 | 0 | 1592834417186401 | 37 | 0x444f41% | 1592834417135465 | 1592834417199215 | 37
$ | 1592834417216401 | 1592834417199816 | 0 | 1592834417216401 | 37 | 0x444f4b$ | 1592834417246402 | 1592834417199816 | 0 | 1592834417246403 | 37 | 0x444f4f% | 1592834417199816 | 1592834417263551 | 37
$ | 1592834417276401 | 1592834417264258 | 0 | 1592834417276402 | 37 | 0x444f55$ | 1592834417306401 | 1592834417264258 | 0 | 1592834417306401 | 37 | 0x444f4b% | 1592834417264258 | 1592834417327969 | 37
$ | 1592834417336400 | 1592834417328592 | 0 | 1592834417336400 | 37 | 0x444f4b$ | 1592834417366402 | 1592834417328592 | 0 | 1592834417366402 | 37 | 0x444f4b% | 1592834417328592 | 1592834417392322 | 37
$ | 1592834417396401 | 1592834417392841 | 0 | 1592834417396401 | 37 | 0x444f41$ | 1592834417426402 | 1592834417392841 | 0 | 1592834417426402 | 37 | 0x444f41$ | 1592834417456401 | 1592834417392841 | 0 | 1592834417456402 | 37 | 0x444f41% | 1592834417392841 | 1592834417456605 | 37
$ | 1592834417486402 | 1592834417457182 | 0 | 1592834417486402 | 37 | 0x444f55$ | 1592834417516400 | 1592834417457182 | 0 | 1592834417516401 | 37 | 0x444f55% | 1592834417457182 | 1592834417520874 | 37
$ | 1592834417546403 | 1592834417521618 | 0 | 1592834417546403 | 37 | 0x444f37$ | 1592834417576401 | 1592834417521618 | 0 | 1592834417576401 | 37 | 0x444f30% | 1592834417521618 | 1592834417585321 | 37
$ | 1592834417606402 | 1592834417585926 | 0 | 1592834417606402 | 37 | 0x444f55$ | 1592834417636401 | 1592834417585926 | 0 | 1592834417636401 | 37 | 0x444f41% | 1592834417585926 | 1592834417649648 | 37
$ | 1592834417666401 | 1592834417650262 | 0 | 1592834417666401 | 37 | 0x444f55$ | 1592834417696400 | 1592834417650262 | 0 | 1592834417696400 | 37 | 0x444f4b% | 1592834417650262 | 1592834417713970 | 37
$ | 1592834417726401 | 1592834417714670 | 0 | 1592834417726401 | 37 | 0x444f41$ | 1592834417756401 | 1592834417714670 | 0 | 1592834417756401 | 37 | 0x444f41% | 1592834417714670 | 1592834417778384 | 37
$ | 1592834417786401 | 1592834417778941 | 0 | 1592834417786401 | 37 | 0x444f37$ | 1592834417816401 | 1592834417778941 | 0 | 1592834417816401 | 37 | 0x444f4b% | 1592834417778941 | 1592834417842670 | 37
$ | 1592834417846401 | 1592834417843288 | 0 | 1592834417846401 | 37 | 0x444f4b$ | 1592834417876401 | 1592834417843288 | 0 | 1592834417876401 | 37 | 0x444f41$ | 1592834417906401 | 1592834417843288 | 0 | 1592834417906402 | 37 | 0x444f45% | 1592834417843288 | 1592834417907048 | 37
$ | 1592834417936402 | 1592834417907702 | 0 | 1592834417936403 | 37 | 0x444f4b$ | 1592834417966400 | 1592834417907702 | 0 | 1592834417966400 | 37 | 0x444f37% | 1592834417907702 | 1592834417971418 | 37
$ | 1592834417996400 | 1592834417971968 | 0 | 1592834417996401 | 37 | 0x444f4b$ | 1592834418026401 | 1592834417971968 | 0 | 1592834418026401 | 37 | 0x444f4f% | 1592834417971968 | 1592834418035726 | 37
$ | 1592834418056401 | 1592834418036307 | 0 | 1592834418056401 | 37 | 0x444f55$ | 1592834418086401 | 1592834418036307 | 0 | 1592834418086401 | 37 | 0x444f4b% | 1592834418036307 | 1592834418100032 | 37
$ | 1592834418116401 | 1592834418100648 | 0 | 1592834418116401 | 37 | 0x444f45$ | 1592834418146400 | 1592834418100648 | 0 | 1592834418146400 | 37 | 0x444f4b% | 1592834418100648 | 1592834418164334 | 37
$ | 1592834418176401 | 1592834418164993 | 0 | 1592834418176402 | 37 | 0x444f4f$ | 1592834418206402 | 1592834418164993 | 0 | 1592834418206402 | 37 | 0x444f55% | 1592834418164993 | 1592834418228751 | 37
$ | 1592834418236401 | 1592834418229379 | 0 | 1592834418236401 | 37 | 0x444f41$ | 1592834418266402 | 1592834418229379 | 0 | 1592834418266402 | 37 | 0x444f4f% | 1592834418229379 | 1592834418293047 | 37
$ | 1592834418296398 | 1592834418293690 | 0 | 1592834418296399 | 37 | 0x444f4f$ | 1592834418326401 | 1592834418293690 | 0 | 1592834418326401 | 37 | 0x444f41$ | 1592834418356419 | 1592834418293690 | 0 | 1592834418356419 | 37 | 0x444f30% | 1592834418293690 | 1592834418358337 | 37
$ | 1592834418386402 | 1592834418359841 | 0 | 1592834418386402 | 37 | 0x444f41$ | 1592834418416401 | 1592834418359841 | 0 | 1592834418416401 | 37 | 0x444f4b% | 1592834418359841 | 1592834418423612 | 37
$ | 1592834418446402 | 1592834418425588 | 0 | 1592834418446402 | 37 | 0x444f4b$ | 1592834418476403 | 1592834418425588 | 0 | 1592834418476403 | 37 | 0x444f45% | 1592834418425588 | 1592834418489266 | 37
$ | 1592834418506402 | 1592834418491254 | 0 | 1592834418506402 | 37 | 0x444f4b$ | 1592834418536401 | 1592834418491254 | 0 | 1592834418536401 | 37 | 0x444f45% | 1592834418491254 | 1592834418554959 | 37
$ | 1592834418566401 | 1592834418556965 | 0 | 1592834418566401 | 37 | 0x444f4f$ | 1592834418596400 | 1592834418556965 | 0 | 1592834418596400 | 37 | 0x444f41% | 1592834418556965 | 1592834418620688 | 37
$ | 1592834418626401 | 1592834418622685 | 0 | 1592834418626401 | 37 | 0x444f4b$ | 1592834418656401 | 1592834418622685 | 0 | 1592834418656401 | 37 | 0x444f26% | 1592834418622685 | 1592834418686337 | 37
$ | 1592834418686396 | 1592834418686357 | 0 | 1592834418686396 | 26 | 0x7f667fde28db% | 1592834418686357 | 1592834418687991 | 26
$ | 1592834418716402 | 1592834418688298 | 0 | 1592834418716403 | 37 | 0x444f4b$ | 1592834418746401 | 1592834418688298 | 0 | 1592834418746401 | 37 | 0x444f41% | 1592834418688298 | 1592834418752055 | 37
$ | 1592834418776402 | 1592834418753959 | 0 | 1592834418776402 | 37 | 0x444f41$ | 1592834418806400 | 1592834418753959 | 0 | 1592834418806400 | 37 | 0x444f4b% | 1592834418753959 | 1592834418817722 | 37
$ | 1592834418836403 | 1592834418819748 | 0 | 1592834418836403 | 37 | 0x444f4b$ | 1592834418866400 | 1592834418819748 | 0 | 1592834418866400 | 37 | 0x444f37% | 1592834418819748 | 1592834418883412 | 37
$ | 1592834418896401 | 1592834418885567 | 0 | 1592834418896401 | 37 | 0x444f4b$ | 1592834418926401 | 1592834418885567 | 0 | 1592834418926402 | 37 | 0x444f4b% | 1592834418885567 | 1592834418949286 | 37
$ | 1592834418956401 | 1592834418951182 | 0 | 1592834418956401 | 37 | 0x444f4b$ | 1592834418986401 | 1592834418951182 | 0 | 1592834418986401 | 37 | 0x444f41% | 1592834418951182 | 1592834419014938 | 37
$ | 1592834419016397 | 1592834419014959 | 0 | 1592834419016397 | 26 | 0x7f6684ea80a6% | 1592834419014959 | 1592834419016696 | 26
$ | 1592834419046400 | 1592834419016954 | 0 | 1592834419046400 | 37 | 0x444f45$ | 1592834419076400 | 1592834419016954 | 0 | 1592834419076401 | 37 | 0x444f26% | 1592834419016954 | 1592834419080591 | 37
$ | 1592834419106402 | 1592834419082752 | 0 | 1592834419106402 | 37 | 0x444f41$ | 1592834419136401 | 1592834419082752 | 0 | 1592834419136402 | 37 | 0x444f41% | 1592834419082752 | 1592834419146453 | 37
$ | 1592834419166400 | 1592834419148379 | 0 | 1592834419166400 | 37 | 0x444f41$ | 1592834419196401 | 1592834419148379 | 0 | 1592834419196401 | 37 | 0x444f41% | 1592834419148379 | 1592834419212142 | 37
$ | 1592834419226402 | 1592834419214270 | 0 | 1592834419226402 | 37 | 0x444f55$ | 1592834419256401 | 1592834419214270 | 0 | 1592834419256401 | 37 | 0x444f41% | 1592834419214270 | 1592834419277958 | 37
$ | 1592834419286401 | 1592834419280117 | 0 | 1592834419286401 | 37 | 0x444f37$ | 1592834419316401 | 1592834419280117 | 0 | 1592834419316401 | 37 | 0x444f4b% | 1592834419280117 | 1592834419343834 | 37
$ | 1592834419346399 | 1592834419345731 | 0 | 1592834419346400 | 37 | 0x444f4b$ | 1592834419376401 | 1592834419345731 | 0 | 1592834419376401 | 37 | 0x444f4b$ | 1592834419406402 | 1592834419345731 | 0 | 1592834419406402 | 37 | 0x444f4b% | 1592834419345731 | 1592834419409536 | 37
$ | 1592834419436401 | 1592834419411510 | 0 | 1592834419436402 | 37 | 0x444f41$ | 1592834419466401 | 1592834419411510 | 0 | 1592834419466401 | 37 | 0x444f26% | 1592834419411510 | 1592834419475202 | 37
$ | 1592834419496402 | 1592834419477369 | 0 | 1592834419496402 | 37 | 0x444f4b$ | 1592834419526400 | 1592834419477369 | 0 | 1592834419526400 | 37 | 0x444f41% | 1592834419477369 | 1592834419541080 | 37
$ | 1592834419556402 | 1592834419542946 | 0 | 1592834419556402 | 37 | 0x444f4b$ | 1592834419586401 | 1592834419542946 | 0 | 1592834419586401 | 37 | 0x444f41% | 1592834419542946 | 1592834419606692 | 37
$ | 1592834419616401 | 1592834419608774 | 0 | 1592834419616401 | 37 | 0x444f45$ | 1592834419646401 | 1592834419608774 | 0 | 1592834419646402 | 37 | 0x444f26% | 1592834419608774 | 1592834419672439 | 37
$ | 1592834419676400 | 1592834419674751 | 0 | 1592834419676400 | 37 | 0x444f4b$ | 1592834419706401 | 1592834419674751 | 0 | 1592834419706402 | 37 | 0x444f15$ | 1592834419736401 | 1592834419674751 | 0 | 1592834419736401 | 37 | 0x444f4b% | 1592834419674751 | 1592834419738539 | 37
$ | 1592834419766401 | 1592834419740433 | 0 | 1592834419766402 | 37 | 0x444f4b$ | 1592834419796401 | 1592834419740433 | 0 | 1592834419796401 | 37 | 0x444f37% | 1592834419740433 | 1592834419804150 | 37
$ | 1592834419826403 | 1592834419806247 | 0 | 1592834419826403 | 37 | 0x444f4b$ | 1592834419856401 | 1592834419806247 | 0 | 1592834419856401 | 37 | 0x444f26% | 1592834419806247 | 1592834419869917 | 37
$ | 1592834419886402 | 1592834419872128 | 0 | 1592834419886402 | 37 | 0x444f41$ | 1592834419916401 | 1592834419872128 | 0 | 1592834419916401 | 37 | 0x444f26% | 1592834419872128 | 1592834419935793 | 37
$ | 1592834419946401 | 1592834419937770 | 0 | 1592834419946401 | 37 | 0x444f4b$ | 1592834419976401 | 1592834419937770 | 0 | 1592834419976401 | 37 | 0x444f4b% | 1592834419937770 | 1592834420001487 | 37
$ | 1592834420006401 | 1592834420003507 | 0 | 1592834420006401 | 37 | 0x444f55$ | 1592834420036401 | 1592834420003507 | 0 | 1592834420036401 | 37 | 0x444f4b$ | 1592834420066401 | 1592834420003507 | 0 | 1592834420066401 | 37 | 0x444f4f% | 1592834420003507 | 1592834420067202 | 37
$ | 1592834420096401 | 1592834420069441 | 0 | 1592834420096402 | 37 | 0x444f30$ | 1592834420126401 | 1592834420069441 | 0 | 1592834420126401 | 37 | 0x444f37% | 1592834420069441 | 1592834420133174 | 37
$ | 1592834420156402 | 1592834420135049 | 0 | 1592834420156403 | 37 | 0x444f4b$ | 1592834420186401 | 1592834420135049 | 0 | 1592834420186401 | 37 | 0x444f41% | 1592834420135049 | 1592834420198842 | 37
$ | 1592834420216402 | 1592834420200965 | 0 | 1592834420216402 | 37 | 0x444f45$ | 1592834420246401 | 1592834420200965 | 0 | 1592834420246401 | 37 | 0x444f4f% | 1592834420200965 | 1592834420264655 | 37
$ | 1592834420276401 | 1592834420266827 | 0 | 1592834420276402 | 37 | 0x444f55$ | 1592834420306401 | 1592834420266827 | 0 | 1592834420306401 | 37 | 0x444f41% | 1592834420266827 | 1592834420330555 | 37
$ | 1592834420336401 | 1592834420332461 | 0 | 1592834420336401 | 37 | 0x444f4b$ | 1592834420366401 | 1592834420332461 | 0 | 1592834420366402 | 37 | 0x444f55% | 1592834420332461 | 1592834420396230 | 37
$ | 1592834420396396 | 1592834420396249 | 0 | 1592834420396397 | 26 | 0x7f66907ef4a8% | 1592834420396249 | 1592834420398055 | 26
$ | 1592834420426402 | 1592834420398257 | 0 | 1592834420426403 | 37 | 0x444f41$ | 1592834420456401 | 1592834420398257 | 0 | 1592834420456401 | 37 | 0x444f4b% | 1592834420398257 | 1592834420461920 | 37
$ | 1592834420486401 | 1592834420464073 | 0 | 1592834420486401 | 37 | 0x444f4b$ | 1592834420516401 | 1592834420464073 | 0 | 1592834420516401 | 37 | 0x444f41% | 1592834420464073 | 1592834420527771 | 37
$ | 1592834420546401 | 1592834420529709 | 0 | 1592834420546402 | 37 | 0x444f45$ | 1592834420576401 | 1592834420529709 | 0 | 1592834420576402 | 37 | 0x444f4b% | 1592834420529709 | 1592834420593445 | 37
$ | 1592834420606401 | 1592834420595408 | 0 | 1592834420606401 | 37 | 0x444f41$ | 1592834420636401 | 1592834420595408 | 0 | 1592834420636401 | 37 | 0x444f4b% | 1592834420595408 | 1592834420659094 | 37
$ | 1592834420666401 | 1592834420661206 | 0 | 1592834420666401 | 37 | 0x444f45$ | 1592834420696401 | 1592834420661206 | 0 | 1592834420696401 | 37 | 0x444f4b% | 1592834420661206 | 1592834420724932 | 37
$ | 1592834420726397 | 1592834420724949 | 0 | 1592834420726397 | 26 | 0x7f6684ea856b% | 1592834420724949 | 1592834420726716 | 26
$ | 1592834420756402 | 1592834420726836 | 0 | 1592834420756402 | 37 | 0x444f4b$ | 1592834420786402 | 1592834420726836 | 0 | 1592834420786402 | 37 | 0x444f4b% | 1592834420726836 | 1592834420790689 | 37
$ | 1592834420816401 | 1592834420792710 | 0 | 1592834420816401 | 37 | 0x444f4b$ | 1592834420846401 | 1592834420792710 | 0 | 1592834420846401 | 37 | 0x444f4b% | 1592834420792710 | 1592834420856387 | 37
$ | 1592834420876402 | 1592834420858593 | 0 | 1592834420876402 | 37 | 0x444f37$ | 1592834420906401 | 1592834420858593 | 0 | 1592834420906402 | 37 | 0x444f4b% | 1592834420858593 | 1592834420922312 | 37
$ | 1592834420936402 | 1592834420924293 | 0 | 1592834420936402 | 37 | 0x444f4f$ | 1592834420966400 | 1592834420924293 | 0 | 1592834420966400 | 37 | 0x444f4b% | 1592834420924293 | 1592834420988038 | 37
$ | 1592834420996400 | 1592834420990139 | 0 | 1592834420996401 | 37 | 0x444f55$ | 1592834421026401 | 1592834420990139 | 0 | 1592834421026401 | 37 | 0x444f41% | 1592834420990139 | 1592834421053797 | 37
$ | 1592834421056399 | 1592834421055929 | 0 | 1592834421056399 | 37 | 0x444f45$ | 1592834421086401 | 1592834421055929 | 0 | 1592834421086402 | 37 | 0x444f41$ | 1592834421116401 | 1592834421055929 | 0 | 1592834421116401 | 37 | 0x444f4b% | 1592834421055929 | 1592834421119654 | 37
$ | 1592834421146402 | 1592834421121534 | 0 | 1592834421146402 | 37 | 0x444f45$ | 1592834421176402 | 1592834421121534 | 0 | 1592834421176402 | 37 | 0x444f4b% | 1592834421121534 | 1592834421185310 | 37
$ | 1592834421206401 | 1592834421187355 | 0 | 1592834421206402 | 37 | 0x444f4b$ | 1592834421236401 | 1592834421187355 | 0 | 1592834421236402 | 37 | 0x444f41% | 1592834421187355 | 1592834421251067 | 37
$ | 1592834421266402 | 1592834421253165 | 0 | 1592834421266402 | 37 | 0x444f4b$ | 1592834421296401 | 1592834421253165 | 0 | 1592834421296401 | 37 | 0x444f55% | 1592834421253165 | 1592834421316880 | 37
$ | 1592834421326401 | 1592834421318809 | 0 | 1592834421326401 | 37 | 0x444f4f$ | 1592834421356401 | 1592834421318809 | 0 | 1592834421356401 | 37 | 0x444f26% | 1592834421318809 | 1592834421382553 | 37
$ | 1592834421386400 | 1592834421384635 | 0 | 1592834421386400 | 37 | 0x444f4b$ | 1592834421416401 | 1592834421384635 | 0 | 1592834421416402 | 37 | 0x444f4b$ | 1592834421446401 | 1592834421384635 | 0 | 1592834421446401 | 37 | 0x444f26% | 1592834421384635 | 1592834421448373 | 37
$ | 1592834421476403 | 1592834421450509 | 0 | 1592834421476403 | 37 | 0x444f45$ | 1592834421506401 | 1592834421450509 | 0 | 1592834421506401 | 37 | 0x444f45% | 1592834421450509 | 1592834421514187 | 37
$ | 1592834421536402 | 1592834421516101 | 0 | 1592834421536402 | 37 | 0x444f4b$ | 1592834421566401 | 1592834421516101 | 0 | 1592834421566401 | 37 | 0x444f26% | 1592834421516101 | 1592834421579792 | 37
$ | 1592834421596402 | 1592834421581990 | 0 | 1592834421596402 | 37 | 0x444f2c$ | 1592834421626402 | 1592834421581990 | 0 | 1592834421626402 | 37 | 0x444f37% | 1592834421581990 | 1592834421645697 | 37
$ | 1592834421656401 | 1592834421647833 | 0 | 1592834421656401 | 37 | 0x444f1d$ | 1592834421686401 | 1592834421647833 | 0 | 1592834421686401 | 37 | 0x444f45% | 1592834421647833 | 1592834421711562 | 37
$ | 1592834421716400 | 1592834421713400 | 0 | 1592834421716400 | 37 | 0x444f4b$ | 1592834421746402 | 1592834421713400 | 0 | 1592834421746402 | 37 | 0x444f41$ | 1592834421776401 | 1592834421713400 | 0 | 1592834421776401 | 37 | 0x444f37% | 1592834421713400 | 1592834421777169 | 37
$ | 1592834421806402 | 1592834421779192 | 0 | 1592834421806402 | 37 | 0x444f37$ | 1592834421836401 | 1592834421779192 | 0 | 1592834421836401 | 37 | 0x444f4f% | 1592834421779192 | 1592834421842792 | 37
$ | 1592834421866401 | 1592834421844946 | 0 | 1592834421866402 | 37 | 0x444f4b$ | 1592834421896401 | 1592834421844946 | 0 | 1592834421896401 | 37 | 0x444f4b% | 1592834421844946 | 1592834421908659 | 37
$ | 1592834421926401 | 1592834421910525 | 0 | 1592834421926401 | 37 | 0x444f4b$ | 1592834421956401 | 1592834421910525 | 0 | 1592834421956401 | 37 | 0x444f37% | 1592834421910525 | 1592834421974297 | 37
$ | 1592834421986402 | 1592834421976394 | 0 | 1592834421986402 | 37 | 0x444f4b$ | 1592834422016401 | 1592834421976394 | 0 | 1592834422016401 | 37 | 0x444f4b% | 1592834421976394 | 1592834422040055 | 37
$ | 1592834422046401 | 1592834422042212 | 0 | 1592834422046401 | 37 | 0x444f41$ | 1592834422076400 | 1592834422042212 | 0 | 1592834422076401 | 37 | 0x444f55% | 1592834422042212 | 1592834422105922 | 37
$ | 1592834422106396 | 1592834422105938 | 0 | 1592834422106396 | 26 | 0x7f667fde389c% | 1592834422105938 | 1592834422107661 | 26
$ | 1592834422136403 | 1592834422107793 | 0 | 1592834422136403 | 37 | 0x444f4b$ | 1592834422166399 | 1592834422107793 | 0 | 1592834422166400 | 37 | 0x444f45% | 1592834422107793 | 1592834422171596 | 37
$ | 1592834422196402 | 1592834422173684 | 0 | 1592834422196403 | 37 | 0x444f41$ | 1592834422226400 | 1592834422173684 | 0 | 1592834422226401 | 37 | 0x444f41% | 1592834422173684 | 1592834422237391 | 37
$ | 1592834422256402 | 1592834422239462 | 0 | 1592834422256402 | 37 | 0x444f37$ | 1592834422286401 | 1592834422239462 | 0 | 1592834422286401 | 37 | 0x444f41% | 1592834422239462 | 1592834422303196 | 37
$ | 1592834422316402 | 1592834422305114 | 0 | 1592834422316402 | 37 | 0x444f4b$ | 1592834422346401 | 1592834422305114 | 0 | 1592834422346401 | 37 | 0x444f41% | 1592834422305114 | 1592834422368856 | 37
$ | 1592834422376400 | 1592834422370941 | 0 | 1592834422376400 | 37 | 0x444f4b$ | 1592834422406400 | 1592834422370941 | 0 | 1592834422406400 | 37 | 0x444f1d% | 1592834422370941 | 1592834422434606 | 37
$ | 1592834422436404 | 1592834422436386 | 0 | 1592834422436404 | 26 | 0x7f6690e6dc3a% | 1592834422436386 | 1592834422436621 | 26
$ | 1592834422466402 | 1592834422436742 | 0 | 1592834422466402 | 37 | 0x444f4b$ | 1592834422496400 | 1592834422436742 | 0 | 1592834422496401 | 37 | 0x444f37% | 1592834422436742 | 1592834422500459 | 37
$ | 1592834422526401 | 1592834422502364 | 0 | 1592834422526401 | 37 | 0x444f4b$ | 1592834422556401 | 1592834422502364 | 0 | 1592834422556402 | 37 | 0x444f37% | 1592834422502364 | 1592834422566139 | 37
$ | 1592834422586402 | 1592834422568080 | 0 | 1592834422586402 | 37 | 0x444f41$ | 1592834422616400 | 1592834422568080 | 0 | 1592834422616400 | 37 | 0x444f1d% | 1592834422568080 | 1592834422631742 | 37
# exe: /lustrehome/home/s.engkadac/profiling/wave2d/tau/ex05-with-taucompilers-tracing/wave2d
# node: 11
# thread: 0
