# Format version: 0.2
# $ | <timestamp> | <delta-begin> | <delta-end> | <metric 1> ... <metric N> | <tau callpath> | <location> [ PC callstack ]
# % | <delta-begin metric 1> ... <delta-begin metric N> | <delta-end metric 1> ... <delta-end metric N> | <tau callpath>
# Metrics: TIME
$ | 1592834415956246 | 1592834415929511 | 0 | 1592834415956246 | 15 | 0x4450a8$ | 1592834415986245 | 1592834415929511 | 0 | 1592834415986245 | 15 | 0x4450d0$ | 1592834416016240 | 1592834415987169 | 0 | 1592834416016240 | 18 | 0x44523c$ | 1592834416046239 | 1592834415987169 | 0 | 1592834416046239 | 18 | 0x44521e$ | 1592834416076239 | 1592834415987169 | 0 | 1592834416076239 | 18 | 0x44520f% | 1592834415987169 | 1592834416099128 | 18
% | 1592834415929511 | 1592834416099130 | 15
$ | 1592834416106245 | 1592834416104983 | 0 | 1592834416106245 | 37 | 0x444f4b$ | 1592834416136247 | 1592834416104983 | 0 | 1592834416136248 | 37 | 0x444f4b$ | 1592834416166244 | 1592834416104983 | 0 | 1592834416166245 | 37 | 0x444f4f% | 1592834416104983 | 1592834416169163 | 37
$ | 1592834416196246 | 1592834416170600 | 0 | 1592834416196246 | 37 | 0x444f41$ | 1592834416226246 | 1592834416170600 | 0 | 1592834416226246 | 37 | 0x444f41% | 1592834416170600 | 1592834416234412 | 37
$ | 1592834416256247 | 1592834416234836 | 0 | 1592834416256247 | 37 | 0x444f55$ | 1592834416286245 | 1592834416234836 | 0 | 1592834416286245 | 37 | 0x444f37% | 1592834416234836 | 1592834416298599 | 37
$ | 1592834416316247 | 1592834416299401 | 0 | 1592834416316247 | 37 | 0x444f45$ | 1592834416346246 | 1592834416299401 | 0 | 1592834416346247 | 37 | 0x444f41% | 1592834416299401 | 1592834416363167 | 37
$ | 1592834416376247 | 1592834416363662 | 0 | 1592834416376247 | 37 | 0x444f45$ | 1592834416406246 | 1592834416363662 | 0 | 1592834416406247 | 37 | 0x444f4f% | 1592834416363662 | 1592834416427517 | 37
$ | 1592834416436245 | 1592834416427957 | 0 | 1592834416436246 | 37 | 0x444f55$ | 1592834416466245 | 1592834416427957 | 0 | 1592834416466246 | 37 | 0x444f4b% | 1592834416427957 | 1592834416491768 | 37
$ | 1592834416496246 | 1592834416492409 | 0 | 1592834416496246 | 37 | 0x444f45$ | 1592834416526247 | 1592834416492409 | 0 | 1592834416526248 | 37 | 0x444f30% | 1592834416492409 | 1592834416556154 | 37
$ | 1592834416556243 | 1592834416556157 | 0 | 1592834416556244 | 22 | 0x444d95% | 1592834416556157 | 1592834416556622 | 22
$ | 1592834416586247 | 1592834416556623 | 0 | 1592834416586247 | 37 | 0x444f41$ | 1592834416616246 | 1592834416556623 | 0 | 1592834416616246 | 37 | 0x444f55% | 1592834416556623 | 1592834416620411 | 37
$ | 1592834416646247 | 1592834416620924 | 0 | 1592834416646247 | 37 | 0x444f4b$ | 1592834416676247 | 1592834416620924 | 0 | 1592834416676247 | 37 | 0x444f45% | 1592834416620924 | 1592834416684770 | 37
$ | 1592834416706246 | 1592834416685402 | 0 | 1592834416706246 | 37 | 0x444f4b$ | 1592834416736245 | 1592834416685402 | 0 | 1592834416736245 | 37 | 0x444f41% | 1592834416685402 | 1592834416749142 | 37
$ | 1592834416766247 | 1592834416749698 | 0 | 1592834416766247 | 37 | 0x444f4b$ | 1592834416796246 | 1592834416749698 | 0 | 1592834416796246 | 37 | 0x444f41% | 1592834416749698 | 1592834416813522 | 37
$ | 1592834416826247 | 1592834416813996 | 0 | 1592834416826247 | 37 | 0x444f55$ | 1592834416856246 | 1592834416813996 | 0 | 1592834416856246 | 37 | 0x444f37% | 1592834416813996 | 1592834416877837 | 37
$ | 1592834416886247 | 1592834416878467 | 0 | 1592834416886247 | 37 | 0x444f4b$ | 1592834416916245 | 1592834416878467 | 0 | 1592834416916245 | 37 | 0x444f1d% | 1592834416878467 | 1592834416942175 | 37
$ | 1592834416946245 | 1592834416942675 | 0 | 1592834416946245 | 37 | 0x444f41$ | 1592834416976246 | 1592834416942675 | 0 | 1592834416976246 | 37 | 0x444f41$ | 1592834417006246 | 1592834416942675 | 0 | 1592834417006246 | 37 | 0x444f41% | 1592834416942675 | 1592834417006544 | 37
$ | 1592834417036245 | 1592834417007021 | 0 | 1592834417036246 | 37 | 0x444f4f$ | 1592834417066245 | 1592834417007021 | 0 | 1592834417066245 | 37 | 0x444f4b% | 1592834417007021 | 1592834417070798 | 37
$ | 1592834417096248 | 1592834417071485 | 0 | 1592834417096248 | 37 | 0x444f4b$ | 1592834417126247 | 1592834417071485 | 0 | 1592834417126247 | 37 | 0x444f4b% | 1592834417071485 | 1592834417135181 | 37
$ | 1592834417156245 | 1592834417135757 | 0 | 1592834417156245 | 37 | 0x444f37$ | 1592834417186247 | 1592834417135757 | 0 | 1592834417186247 | 37 | 0x444f4b% | 1592834417135757 | 1592834417199636 | 37
$ | 1592834417216248 | 1592834417200115 | 0 | 1592834417216248 | 37 | 0x444f4b$ | 1592834417246246 | 1592834417200115 | 0 | 1592834417246246 | 37 | 0x444f55% | 1592834417200115 | 1592834417263906 | 37
$ | 1592834417276245 | 1592834417264549 | 0 | 1592834417276246 | 37 | 0x444f41$ | 1592834417306246 | 1592834417264549 | 0 | 1592834417306246 | 37 | 0x444f45% | 1592834417264549 | 1592834417328275 | 37
$ | 1592834417336247 | 1592834417328806 | 0 | 1592834417336247 | 37 | 0x444f55$ | 1592834417366246 | 1592834417328806 | 0 | 1592834417366246 | 37 | 0x444f4b% | 1592834417328806 | 1592834417392693 | 37
$ | 1592834417396244 | 1592834417393072 | 0 | 1592834417396244 | 37 | 0x444f26$ | 1592834417426245 | 1592834417393072 | 0 | 1592834417426245 | 37 | 0x444f45$ | 1592834417456245 | 1592834417393072 | 0 | 1592834417456245 | 37 | 0x444f4b% | 1592834417393072 | 1592834417456931 | 37
$ | 1592834417486246 | 1592834417457563 | 0 | 1592834417486246 | 37 | 0x444f4b$ | 1592834417516246 | 1592834417457563 | 0 | 1592834417516246 | 37 | 0x444f4b% | 1592834417457563 | 1592834417521244 | 37
$ | 1592834417546247 | 1592834417521825 | 0 | 1592834417546247 | 37 | 0x444f20$ | 1592834417576246 | 1592834417521825 | 0 | 1592834417576246 | 37 | 0x444f4b% | 1592834417521825 | 1592834417585615 | 37
$ | 1592834417606246 | 1592834417586137 | 0 | 1592834417606247 | 37 | 0x444f45$ | 1592834417636245 | 1592834417586137 | 0 | 1592834417636245 | 37 | 0x444f4f% | 1592834417586137 | 1592834417649949 | 37
$ | 1592834417666246 | 1592834417650563 | 0 | 1592834417666246 | 37 | 0x444f41$ | 1592834417696246 | 1592834417650563 | 0 | 1592834417696246 | 37 | 0x444f4b% | 1592834417650563 | 1592834417714290 | 37
$ | 1592834417726246 | 1592834417714865 | 0 | 1592834417726246 | 37 | 0x444f4b$ | 1592834417756245 | 1592834417714865 | 0 | 1592834417756245 | 37 | 0x444f4b% | 1592834417714865 | 1592834417778720 | 37
$ | 1592834417786246 | 1592834417779153 | 0 | 1592834417786246 | 37 | 0x444f4b$ | 1592834417816245 | 1592834417779153 | 0 | 1592834417816245 | 37 | 0x444f41% | 1592834417779153 | 1592834417842931 | 37
$ | 1592834417846244 | 1592834417843576 | 0 | 1592834417846244 | 37 | 0x444f4b$ | 1592834417876246 | 1592834417843576 | 0 | 1592834417876247 | 37 | 0x444f4b$ | 1592834417906246 | 1592834417843576 | 0 | 1592834417906247 | 37 | 0x444f4f% | 1592834417843576 | 1592834417907286 | 37
$ | 1592834417936246 | 1592834417907845 | 0 | 1592834417936246 | 37 | 0x444f45$ | 1592834417966246 | 1592834417907845 | 0 | 1592834417966246 | 37 | 0x444f41% | 1592834417907845 | 1592834417971639 | 37
$ | 1592834417996247 | 1592834417972141 | 0 | 1592834417996247 | 37 | 0x444f4b$ | 1592834418026245 | 1592834417972141 | 0 | 1592834418026245 | 37 | 0x444f4b% | 1592834417972141 | 1592834418035954 | 37
$ | 1592834418056245 | 1592834418036581 | 0 | 1592834418056245 | 37 | 0x444f55$ | 1592834418086245 | 1592834418036581 | 0 | 1592834418086245 | 37 | 0x444f4b% | 1592834418036581 | 1592834418100364 | 37
$ | 1592834418116246 | 1592834418100867 | 0 | 1592834418116246 | 37 | 0x444f4b$ | 1592834418146245 | 1592834418100867 | 0 | 1592834418146245 | 37 | 0x444f4b% | 1592834418100867 | 1592834418164763 | 37
$ | 1592834418176246 | 1592834418165194 | 0 | 1592834418176246 | 37 | 0x444f45$ | 1592834418206247 | 1592834418165194 | 0 | 1592834418206247 | 37 | 0x444f4b% | 1592834418165194 | 1592834418229031 | 37
$ | 1592834418236246 | 1592834418229634 | 0 | 1592834418236246 | 37 | 0x444f4b$ | 1592834418266245 | 1592834418229634 | 0 | 1592834418266245 | 37 | 0x444f41% | 1592834418229634 | 1592834418293334 | 37
$ | 1592834418296245 | 1592834418293907 | 0 | 1592834418296245 | 37 | 0x444f4b$ | 1592834418326252 | 1592834418293907 | 0 | 1592834418326253 | 37 | 0x444f41$ | 1592834418356246 | 1592834418293907 | 0 | 1592834418356247 | 37 | 0x444f41% | 1592834418293907 | 1592834418358423 | 37
$ | 1592834418386248 | 1592834418359830 | 0 | 1592834418386248 | 37 | 0x444f45$ | 1592834418416245 | 1592834418359830 | 0 | 1592834418416245 | 37 | 0x444f4b% | 1592834418359830 | 1592834418423688 | 37
$ | 1592834418446246 | 1592834418425655 | 0 | 1592834418446246 | 37 | 0x444f4b$ | 1592834418476245 | 1592834418425655 | 0 | 1592834418476245 | 37 | 0x444f41% | 1592834418425655 | 1592834418489364 | 37
$ | 1592834418506246 | 1592834418491304 | 0 | 1592834418506246 | 37 | 0x444f37$ | 1592834418536245 | 1592834418491304 | 0 | 1592834418536246 | 37 | 0x444f1d% | 1592834418491304 | 1592834418555129 | 37
$ | 1592834418566245 | 1592834418557048 | 0 | 1592834418566246 | 37 | 0x444f4b$ | 1592834418596245 | 1592834418557048 | 0 | 1592834418596246 | 37 | 0x444f4b% | 1592834418557048 | 1592834418620854 | 37
$ | 1592834418626246 | 1592834418622903 | 0 | 1592834418626246 | 37 | 0x444f4f$ | 1592834418656246 | 1592834418622903 | 0 | 1592834418656246 | 37 | 0x444f45$ | 1592834418686245 | 1592834418622903 | 0 | 1592834418686245 | 37 | 0x444f55% | 1592834418622903 | 1592834418686642 | 37
$ | 1592834418716246 | 1592834418688575 | 0 | 1592834418716246 | 37 | 0x444f4b$ | 1592834418746246 | 1592834418688575 | 0 | 1592834418746247 | 37 | 0x444f37% | 1592834418688575 | 1592834418752435 | 37
$ | 1592834418776247 | 1592834418754286 | 0 | 1592834418776247 | 37 | 0x444f45$ | 1592834418806246 | 1592834418754286 | 0 | 1592834418806246 | 37 | 0x444f41% | 1592834418754286 | 1592834418818126 | 37
$ | 1592834418836245 | 1592834418820167 | 0 | 1592834418836246 | 37 | 0x444f4f$ | 1592834418866246 | 1592834418820167 | 0 | 1592834418866246 | 37 | 0x444f26% | 1592834418820167 | 1592834418883908 | 37
$ | 1592834418896246 | 1592834418885844 | 0 | 1592834418896246 | 37 | 0x444f41$ | 1592834418926245 | 1592834418885844 | 0 | 1592834418926245 | 37 | 0x444f37% | 1592834418885844 | 1592834418949640 | 37
$ | 1592834418956245 | 1592834418951531 | 0 | 1592834418956245 | 37 | 0x444f4b$ | 1592834418986245 | 1592834418951531 | 0 | 1592834418986245 | 37 | 0x444f4b% | 1592834418951531 | 1592834419015380 | 37
$ | 1592834419016242 | 1592834419015528 | 0 | 1592834419016242 | 26 | 0x7f046e92a889% | 1592834419015528 | 1592834419016745 | 26
$ | 1592834419046245 | 1592834419017410 | 0 | 1592834419046246 | 37 | 0x444f45$ | 1592834419076246 | 1592834419017410 | 0 | 1592834419076246 | 37 | 0x444f4b% | 1592834419017410 | 1592834419081110 | 37
$ | 1592834419106246 | 1592834419083065 | 0 | 1592834419106246 | 37 | 0x444f4b$ | 1592834419136245 | 1592834419083065 | 0 | 1592834419136245 | 37 | 0x444f4b% | 1592834419083065 | 1592834419146899 | 37
$ | 1592834419166245 | 1592834419148767 | 0 | 1592834419166245 | 37 | 0x444f1d$ | 1592834419196246 | 1592834419148767 | 0 | 1592834419196247 | 37 | 0x444f4b% | 1592834419148767 | 1592834419212643 | 37
$ | 1592834419226246 | 1592834419214733 | 0 | 1592834419226246 | 37 | 0x444f4b$ | 1592834419256245 | 1592834419214733 | 0 | 1592834419256245 | 37 | 0x444f41% | 1592834419214733 | 1592834419278438 | 37
$ | 1592834419286246 | 1592834419280411 | 0 | 1592834419286246 | 37 | 0x444f55$ | 1592834419316245 | 1592834419280411 | 0 | 1592834419316246 | 37 | 0x444f26% | 1592834419280411 | 1592834419344262 | 37
$ | 1592834419346244 | 1592834419346083 | 0 | 1592834419346244 | 37 | 0x444f37$ | 1592834419376245 | 1592834419346083 | 0 | 1592834419376246 | 37 | 0x444f4b$ | 1592834419406247 | 1592834419346083 | 0 | 1592834419406248 | 37 | 0x444f41% | 1592834419346083 | 1592834419409879 | 37
$ | 1592834419436246 | 1592834419411973 | 0 | 1592834419436247 | 37 | 0x444f4b$ | 1592834419466246 | 1592834419411973 | 0 | 1592834419466246 | 37 | 0x444f4b% | 1592834419411973 | 1592834419475688 | 37
$ | 1592834419496247 | 1592834419477607 | 0 | 1592834419496247 | 37 | 0x444f37$ | 1592834419526246 | 1592834419477607 | 0 | 1592834419526247 | 37 | 0x444f26% | 1592834419477607 | 1592834419541505 | 37
$ | 1592834419556246 | 1592834419543340 | 0 | 1592834419556246 | 37 | 0x444f4f$ | 1592834419586245 | 1592834419543340 | 0 | 1592834419586245 | 37 | 0x444f55% | 1592834419543340 | 1592834419607155 | 37
$ | 1592834419616246 | 1592834419609234 | 0 | 1592834419616246 | 37 | 0x444f4b$ | 1592834419646246 | 1592834419609234 | 0 | 1592834419646246 | 37 | 0x444f4b% | 1592834419609234 | 1592834419672965 | 37
$ | 1592834419676244 | 1592834419675095 | 0 | 1592834419676244 | 37 | 0x444f41$ | 1592834419706245 | 1592834419675095 | 0 | 1592834419706246 | 37 | 0x444f41$ | 1592834419736247 | 1592834419675095 | 0 | 1592834419736247 | 37 | 0x444f4b% | 1592834419675095 | 1592834419738935 | 37
$ | 1592834419766247 | 1592834419740810 | 0 | 1592834419766247 | 37 | 0x444f4b$ | 1592834419796245 | 1592834419740810 | 0 | 1592834419796245 | 37 | 0x444f4b% | 1592834419740810 | 1592834419804555 | 37
$ | 1592834419826247 | 1592834419806712 | 0 | 1592834419826247 | 37 | 0x444f26$ | 1592834419856245 | 1592834419806712 | 0 | 1592834419856245 | 37 | 0x444f41% | 1592834419806712 | 1592834419870444 | 37
$ | 1592834419886246 | 1592834419872434 | 0 | 1592834419886246 | 37 | 0x444f41$ | 1592834419916245 | 1592834419872434 | 0 | 1592834419916246 | 37 | 0x444f30% | 1592834419872434 | 1592834419936258 | 37
$ | 1592834419946246 | 1592834419938137 | 0 | 1592834419946246 | 37 | 0x444f45$ | 1592834419976246 | 1592834419938137 | 0 | 1592834419976246 | 37 | 0x444f4b% | 1592834419938137 | 1592834420001908 | 37
$ | 1592834420006245 | 1592834420004022 | 0 | 1592834420006245 | 37 | 0x444f55$ | 1592834420036245 | 1592834420004022 | 0 | 1592834420036245 | 37 | 0x444f41$ | 1592834420066246 | 1592834420004022 | 0 | 1592834420066246 | 37 | 0x444f41% | 1592834420004022 | 1592834420067708 | 37
$ | 1592834420096246 | 1592834420069694 | 0 | 1592834420096247 | 37 | 0x444f41$ | 1592834420126246 | 1592834420069694 | 0 | 1592834420126246 | 37 | 0x444f4b% | 1592834420069694 | 1592834420133516 | 37
$ | 1592834420156247 | 1592834420135393 | 0 | 1592834420156248 | 37 | 0x444f45$ | 1592834420186246 | 1592834420135393 | 0 | 1592834420186246 | 37 | 0x444f41% | 1592834420135393 | 1592834420199245 | 37
$ | 1592834420216246 | 1592834420201422 | 0 | 1592834420216246 | 37 | 0x444f55$ | 1592834420246245 | 1592834420201422 | 0 | 1592834420246245 | 37 | 0x444f4b% | 1592834420201422 | 1592834420265105 | 37
$ | 1592834420276246 | 1592834420267130 | 0 | 1592834420276246 | 37 | 0x444f4b$ | 1592834420306245 | 1592834420267130 | 0 | 1592834420306245 | 37 | 0x444f55% | 1592834420267130 | 1592834420330958 | 37
$ | 1592834420336245 | 1592834420332815 | 0 | 1592834420336246 | 37 | 0x444f4b$ | 1592834420366245 | 1592834420332815 | 0 | 1592834420366245 | 37 | 0x444f4b$ | 1592834420396246 | 1592834420332815 | 0 | 1592834420396246 | 37 | 0x444f4b% | 1592834420332815 | 1592834420396635 | 37
$ | 1592834420426246 | 1592834420398666 | 0 | 1592834420426246 | 37 | 0x444f26$ | 1592834420456245 | 1592834420398666 | 0 | 1592834420456245 | 37 | 0x444f4b% | 1592834420398666 | 1592834420462385 | 37
$ | 1592834420486245 | 1592834420464276 | 0 | 1592834420486246 | 37 | 0x444f55$ | 1592834420516247 | 1592834420464276 | 0 | 1592834420516247 | 37 | 0x444f4f% | 1592834420464276 | 1592834420528084 | 37
$ | 1592834420546247 | 1592834420529937 | 0 | 1592834420546247 | 37 | 0x444f4b$ | 1592834420576246 | 1592834420529937 | 0 | 1592834420576246 | 37 | 0x444f37% | 1592834420529937 | 1592834420593795 | 37
$ | 1592834420606246 | 1592834420595829 | 0 | 1592834420606246 | 37 | 0x444f4b$ | 1592834420636246 | 1592834420595829 | 0 | 1592834420636246 | 37 | 0x444f55% | 1592834420595829 | 1592834420659552 | 37
$ | 1592834420666245 | 1592834420661502 | 0 | 1592834420666245 | 37 | 0x444f55$ | 1592834420696246 | 1592834420661502 | 0 | 1592834420696246 | 37 | 0x444f41% | 1592834420661502 | 1592834420725362 | 37
$ | 1592834420726242 | 1592834420725525 | 0 | 1592834420726242 | 26 | 0x7f046e2fa78b% | 1592834420725525 | 1592834420726675 | 26
$ | 1592834420756246 | 1592834420727275 | 0 | 1592834420756246 | 37 | 0x444f41$ | 1592834420786246 | 1592834420727275 | 0 | 1592834420786246 | 37 | 0x444f4b% | 1592834420727275 | 1592834420791110 | 37
$ | 1592834420816247 | 1592834420793111 | 0 | 1592834420816247 | 37 | 0x444f41$ | 1592834420846245 | 1592834420793111 | 0 | 1592834420846245 | 37 | 0x444f4b% | 1592834420793111 | 1592834420856797 | 37
$ | 1592834420876246 | 1592834420858855 | 0 | 1592834420876246 | 37 | 0x444f4f$ | 1592834420906245 | 1592834420858855 | 0 | 1592834420906246 | 37 | 0x444f1d% | 1592834420858855 | 1592834420922655 | 37
$ | 1592834420936246 | 1592834420924690 | 0 | 1592834420936247 | 37 | 0x444f41$ | 1592834420966247 | 1592834420924690 | 0 | 1592834420966247 | 37 | 0x444f41% | 1592834420924690 | 1592834420988527 | 37
$ | 1592834420996245 | 1592834420990556 | 0 | 1592834420996246 | 37 | 0x444f4b$ | 1592834421026245 | 1592834420990556 | 0 | 1592834421026245 | 37 | 0x444f55% | 1592834420990556 | 1592834421054300 | 37
$ | 1592834421056242 | 1592834421056227 | 0 | 1592834421056242 | 37 | 0x444f4b$ | 1592834421086246 | 1592834421056227 | 0 | 1592834421086246 | 37 | 0x444f4b$ | 1592834421116245 | 1592834421056227 | 0 | 1592834421116246 | 37 | 0x444f26% | 1592834421056227 | 1592834421120074 | 37
$ | 1592834421146246 | 1592834421121886 | 0 | 1592834421146246 | 37 | 0x444f41$ | 1592834421176246 | 1592834421121886 | 0 | 1592834421176246 | 37 | 0x444f41% | 1592834421121886 | 1592834421185719 | 37
$ | 1592834421206246 | 1592834421187766 | 0 | 1592834421206246 | 37 | 0x444f4b$ | 1592834421236245 | 1592834421187766 | 0 | 1592834421236246 | 37 | 0x444f41% | 1592834421187766 | 1592834421251528 | 37
$ | 1592834421266246 | 1592834421253455 | 0 | 1592834421266246 | 37 | 0x444f55$ | 1592834421296246 | 1592834421253455 | 0 | 1592834421296246 | 37 | 0x444f37% | 1592834421253455 | 1592834421317284 | 37
$ | 1592834421326246 | 1592834421319203 | 0 | 1592834421326246 | 37 | 0x444f41$ | 1592834421356245 | 1592834421319203 | 0 | 1592834421356245 | 37 | 0x444f37% | 1592834421319203 | 1592834421383016 | 37
$ | 1592834421386245 | 1592834421385102 | 0 | 1592834421386245 | 37 | 0x444f4b$ | 1592834421416246 | 1592834421385102 | 0 | 1592834421416246 | 37 | 0x444f4b$ | 1592834421446246 | 1592834421385102 | 0 | 1592834421446246 | 37 | 0x444f45% | 1592834421385102 | 1592834421448845 | 37
$ | 1592834421476247 | 1592834421450769 | 0 | 1592834421476247 | 37 | 0x444f4f$ | 1592834421506246 | 1592834421450769 | 0 | 1592834421506246 | 37 | 0x444f41% | 1592834421450769 | 1592834421514618 | 37
$ | 1592834421536246 | 1592834421516540 | 0 | 1592834421536246 | 37 | 0x444f45$ | 1592834421566245 | 1592834421516540 | 0 | 1592834421566246 | 37 | 0x444f1d% | 1592834421516540 | 1592834421580380 | 37
$ | 1592834421596245 | 1592834421582393 | 0 | 1592834421596245 | 37 | 0x444f4b$ | 1592834421626245 | 1592834421582393 | 0 | 1592834421626245 | 37 | 0x444f4b% | 1592834421582393 | 1592834421646184 | 37
$ | 1592834421656246 | 1592834421648075 | 0 | 1592834421656246 | 37 | 0x444f4b$ | 1592834421686245 | 1592834421648075 | 0 | 1592834421686245 | 37 | 0x444f4b% | 1592834421648075 | 1592834421711931 | 37
$ | 1592834421716245 | 1592834421713746 | 0 | 1592834421716245 | 37 | 0x444f4b$ | 1592834421746245 | 1592834421713746 | 0 | 1592834421746245 | 37 | 0x444f4b$ | 1592834421776246 | 1592834421713746 | 0 | 1592834421776246 | 37 | 0x444f4b% | 1592834421713746 | 1592834421777607 | 37
$ | 1592834421806246 | 1592834421779566 | 0 | 1592834421806246 | 37 | 0x444f4b$ | 1592834421836245 | 1592834421779566 | 0 | 1592834421836245 | 37 | 0x444f4b% | 1592834421779566 | 1592834421843277 | 37
$ | 1592834421866246 | 1592834421845207 | 0 | 1592834421866246 | 37 | 0x444f4b$ | 1592834421896244 | 1592834421845207 | 0 | 1592834421896245 | 37 | 0x444f37% | 1592834421845207 | 1592834421909010 | 37
$ | 1592834421926246 | 1592834421910944 | 0 | 1592834421926247 | 37 | 0x444f4f$ | 1592834421956246 | 1592834421910944 | 0 | 1592834421956246 | 37 | 0x444f4b% | 1592834421910944 | 1592834421974781 | 37
$ | 1592834421986246 | 1592834421976821 | 0 | 1592834421986246 | 37 | 0x444f4b$ | 1592834422016246 | 1592834421976821 | 0 | 1592834422016246 | 37 | 0x444f26% | 1592834421976821 | 1592834422040572 | 37
$ | 1592834422046246 | 1592834422042478 | 0 | 1592834422046246 | 37 | 0x444f30$ | 1592834422076246 | 1592834422042478 | 0 | 1592834422076246 | 37 | 0x444f41$ | 1592834422106246 | 1592834422042478 | 0 | 1592834422106246 | 37 | 0x444f41% | 1592834422042478 | 1592834422106294 | 37
$ | 1592834422136247 | 1592834422108214 | 0 | 1592834422136247 | 37 | 0x444f4f$ | 1592834422166244 | 1592834422108214 | 0 | 1592834422166244 | 37 | 0x444f41% | 1592834422108214 | 1592834422172009 | 37
$ | 1592834422196245 | 1592834422174101 | 0 | 1592834422196245 | 37 | 0x444f4b$ | 1592834422226245 | 1592834422174101 | 0 | 1592834422226246 | 37 | 0x444f4f% | 1592834422174101 | 1592834422237794 | 37
$ | 1592834422256247 | 1592834422239766 | 0 | 1592834422256247 | 37 | 0x444f4b$ | 1592834422286245 | 1592834422239766 | 0 | 1592834422286245 | 37 | 0x444f41% | 1592834422239766 | 1592834422303586 | 37
$ | 1592834422316246 | 1592834422305502 | 0 | 1592834422316246 | 37 | 0x444f4b$ | 1592834422346245 | 1592834422305502 | 0 | 1592834422346245 | 37 | 0x444f41% | 1592834422305502 | 1592834422369286 | 37
$ | 1592834422376246 | 1592834422371345 | 0 | 1592834422376246 | 37 | 0x444f4b$ | 1592834422406245 | 1592834422371345 | 0 | 1592834422406245 | 37 | 0x444f26% | 1592834422371345 | 1592834422435085 | 37
$ | 1592834422436242 | 1592834422435210 | 0 | 1592834422436242 | 26 | 0x7f046c56d0f5% | 1592834422435210 | 1592834422436481 | 26
$ | 1592834422466247 | 1592834422436968 | 0 | 1592834422466248 | 37 | 0x444f26$ | 1592834422496246 | 1592834422436968 | 0 | 1592834422496246 | 37 | 0x444f41% | 1592834422436968 | 1592834422500818 | 37
$ | 1592834422526247 | 1592834422502635 | 0 | 1592834422526247 | 37 | 0x444f4b$ | 1592834422556245 | 1592834422502635 | 0 | 1592834422556245 | 37 | 0x444f55% | 1592834422502635 | 1592834422566514 | 37
$ | 1592834422586247 | 1592834422568546 | 0 | 1592834422586247 | 37 | 0x444f30$ | 1592834422616246 | 1592834422568546 | 0 | 1592834422616246 | 37 | 0x444f4b% | 1592834422568546 | 1592834422632289 | 37
# exe: /lustrehome/home/s.engkadac/profiling/wave2d/tau/ex05-with-taucompilers-tracing/wave2d
# node: 7
# thread: 0
