# Format version: 0.2
# $ | <timestamp> | <delta-begin> | <delta-end> | <metric 1> ... <metric N> | <tau callpath> | <location> [ PC callstack ]
# % | <delta-begin metric 1> ... <delta-begin metric N> | <delta-end metric 1> ... <delta-end metric N> | <tau callpath>
# Metrics: TIME
$ | 1592834415957224 | 1592834415929520 | 0 | 1592834415957224 | 15 | 0x4450a8$ | 1592834415987223 | 1592834415929520 | 0 | 1592834415987224 | 15 | 0x4450d0$ | 1592834416017219 | 1592834415989080 | 0 | 1592834416017219 | 18 | 0x44523c$ | 1592834416047217 | 1592834415989080 | 0 | 1592834416047217 | 18 | 0x44521e$ | 1592834416077216 | 1592834415989080 | 0 | 1592834416077216 | 18 | 0x44523c% | 1592834415989080 | 1592834416104423 | 18
% | 1592834415929520 | 1592834416104424 | 15
$ | 1592834416107222 | 1592834416104870 | 0 | 1592834416107223 | 37 | 0x444f41$ | 1592834416137225 | 1592834416104870 | 0 | 1592834416137225 | 37 | 0x444f41$ | 1592834416167223 | 1592834416104870 | 0 | 1592834416167223 | 37 | 0x444f4b% | 1592834416104870 | 1592834416170420 | 37
$ | 1592834416197224 | 1592834416170603 | 0 | 1592834416197225 | 37 | 0x444f4b$ | 1592834416227223 | 1592834416170603 | 0 | 1592834416227223 | 37 | 0x444f4b% | 1592834416170603 | 1592834416234522 | 37
$ | 1592834416257224 | 1592834416234832 | 0 | 1592834416257224 | 37 | 0x444f2c$ | 1592834416287222 | 1592834416234832 | 0 | 1592834416287223 | 37 | 0x444f4b% | 1592834416234832 | 1592834416298852 | 37
$ | 1592834416317225 | 1592834416299392 | 0 | 1592834416317225 | 37 | 0x444f41$ | 1592834416347224 | 1592834416299392 | 0 | 1592834416347224 | 37 | 0x444f41% | 1592834416299392 | 1592834416363291 | 37
$ | 1592834416377224 | 1592834416363659 | 0 | 1592834416377224 | 37 | 0x444f41$ | 1592834416407224 | 1592834416363659 | 0 | 1592834416407224 | 37 | 0x444f4b% | 1592834416363659 | 1592834416427615 | 37
$ | 1592834416437224 | 1592834416427940 | 0 | 1592834416437224 | 37 | 0x444f4b$ | 1592834416467223 | 1592834416427940 | 0 | 1592834416467223 | 37 | 0x444f55% | 1592834416427940 | 1592834416491942 | 37
$ | 1592834416497223 | 1592834416492416 | 0 | 1592834416497224 | 37 | 0x444f4b$ | 1592834416527223 | 1592834416492416 | 0 | 1592834416527223 | 37 | 0x444f41% | 1592834416492416 | 1592834416556280 | 37
$ | 1592834416557223 | 1592834416556621 | 0 | 1592834416557223 | 37 | 0x444f37$ | 1592834416587224 | 1592834416556621 | 0 | 1592834416587225 | 37 | 0x444f30$ | 1592834416617224 | 1592834416556621 | 0 | 1592834416617224 | 37 | 0x444f4b% | 1592834416556621 | 1592834416620593 | 37
$ | 1592834416647224 | 1592834416620911 | 0 | 1592834416647225 | 37 | 0x444f30$ | 1592834416677223 | 1592834416620911 | 0 | 1592834416677223 | 37 | 0x444f4b% | 1592834416620911 | 1592834416684874 | 37
$ | 1592834416707224 | 1592834416685396 | 0 | 1592834416707225 | 37 | 0x444f41$ | 1592834416737223 | 1592834416685396 | 0 | 1592834416737223 | 37 | 0x444f4b% | 1592834416685396 | 1592834416749327 | 37
$ | 1592834416767224 | 1592834416749693 | 0 | 1592834416767224 | 37 | 0x444f55$ | 1592834416797224 | 1592834416749693 | 0 | 1592834416797224 | 37 | 0x444f4b% | 1592834416749693 | 1592834416813644 | 37
$ | 1592834416827224 | 1592834416813992 | 0 | 1592834416827225 | 37 | 0x444f4b$ | 1592834416857223 | 1592834416813992 | 0 | 1592834416857224 | 37 | 0x444f4b% | 1592834416813992 | 1592834416877976 | 37
$ | 1592834416887224 | 1592834416878474 | 0 | 1592834416887224 | 37 | 0x444f55$ | 1592834416917222 | 1592834416878474 | 0 | 1592834416917223 | 37 | 0x444f41% | 1592834416878474 | 1592834416942371 | 37
$ | 1592834416947223 | 1592834416942662 | 0 | 1592834416947223 | 37 | 0x444f41$ | 1592834416977223 | 1592834416942662 | 0 | 1592834416977223 | 37 | 0x444f41% | 1592834416942662 | 1592834417006596 | 37
$ | 1592834417007222 | 1592834417007020 | 0 | 1592834417007223 | 37 | 0x444f45$ | 1592834417037223 | 1592834417007020 | 0 | 1592834417037224 | 37 | 0x444f4b$ | 1592834417067223 | 1592834417007020 | 0 | 1592834417067224 | 37 | 0x444f30% | 1592834417007020 | 1592834417070991 | 37
$ | 1592834417097224 | 1592834417071488 | 0 | 1592834417097225 | 37 | 0x444f55$ | 1592834417127223 | 1592834417071488 | 0 | 1592834417127223 | 37 | 0x444f4f% | 1592834417071488 | 1592834417135301 | 37
$ | 1592834417157223 | 1592834417135757 | 0 | 1592834417157223 | 37 | 0x444f55$ | 1592834417187222 | 1592834417135757 | 0 | 1592834417187222 | 37 | 0x444f1d% | 1592834417135757 | 1592834417199675 | 37
$ | 1592834417217224 | 1592834417200110 | 0 | 1592834417217224 | 37 | 0x444f4b$ | 1592834417247223 | 1592834417200110 | 0 | 1592834417247224 | 37 | 0x444f41% | 1592834417200110 | 1592834417264102 | 37
$ | 1592834417277224 | 1592834417264548 | 0 | 1592834417277224 | 37 | 0x444f4b$ | 1592834417307224 | 1592834417264548 | 0 | 1592834417307224 | 37 | 0x444f4b% | 1592834417264548 | 1592834417328442 | 37
$ | 1592834417337223 | 1592834417328798 | 0 | 1592834417337223 | 37 | 0x444f41$ | 1592834417367223 | 1592834417328798 | 0 | 1592834417367223 | 37 | 0x444f26% | 1592834417328798 | 1592834417392677 | 37
$ | 1592834417397223 | 1592834417393066 | 0 | 1592834417397223 | 37 | 0x444f37$ | 1592834417427223 | 1592834417393066 | 0 | 1592834417427224 | 37 | 0x444f55% | 1592834417393066 | 1592834417457023 | 37
$ | 1592834417457220 | 1592834417457154 | 0 | 1592834417457220 | 29 | 0x7f7cf629f67f% | 1592834417457154 | 1592834417457549 | 29
$ | 1592834417487223 | 1592834417457561 | 0 | 1592834417487224 | 37 | 0x444f4b$ | 1592834417517223 | 1592834417457561 | 0 | 1592834417517223 | 37 | 0x444f4b% | 1592834417457561 | 1592834417521462 | 37
$ | 1592834417547223 | 1592834417521825 | 0 | 1592834417547224 | 37 | 0x444f37$ | 1592834417577223 | 1592834417521825 | 0 | 1592834417577224 | 37 | 0x444f55% | 1592834417521825 | 1592834417585762 | 37
$ | 1592834417607224 | 1592834417586133 | 0 | 1592834417607224 | 37 | 0x444f26$ | 1592834417637223 | 1592834417586133 | 0 | 1592834417637223 | 37 | 0x444f41% | 1592834417586133 | 1592834417650118 | 37
$ | 1592834417667224 | 1592834417650568 | 0 | 1592834417667224 | 37 | 0x444f4b$ | 1592834417697223 | 1592834417650568 | 0 | 1592834417697223 | 37 | 0x444f4b% | 1592834417650568 | 1592834417714517 | 37
$ | 1592834417727223 | 1592834417714860 | 0 | 1592834417727224 | 37 | 0x444f55$ | 1592834417757223 | 1592834417714860 | 0 | 1592834417757223 | 37 | 0x444f45% | 1592834417714860 | 1592834417778786 | 37
$ | 1592834417787224 | 1592834417779142 | 0 | 1592834417787224 | 37 | 0x444f41$ | 1592834417817223 | 1592834417779142 | 0 | 1592834417817224 | 37 | 0x444f4b% | 1592834417779142 | 1592834417843135 | 37
$ | 1592834417847222 | 1592834417843575 | 0 | 1592834417847223 | 37 | 0x444f4b$ | 1592834417877224 | 1592834417843575 | 0 | 1592834417877224 | 37 | 0x444f4b$ | 1592834417907223 | 1592834417843575 | 0 | 1592834417907223 | 37 | 0x444f4b% | 1592834417843575 | 1592834417907568 | 37
$ | 1592834417937224 | 1592834417907846 | 0 | 1592834417937224 | 37 | 0x444f4f$ | 1592834417967223 | 1592834417907846 | 0 | 1592834417967223 | 37 | 0x444f41% | 1592834417907846 | 1592834417971810 | 37
$ | 1592834417997224 | 1592834417972140 | 0 | 1592834417997224 | 37 | 0x444f26$ | 1592834418027223 | 1592834417972140 | 0 | 1592834418027224 | 37 | 0x444f4b% | 1592834417972140 | 1592834418036147 | 37
$ | 1592834418057224 | 1592834418036584 | 0 | 1592834418057224 | 37 | 0x444f4b$ | 1592834418087223 | 1592834418036584 | 0 | 1592834418087223 | 37 | 0x444f4b% | 1592834418036584 | 1592834418100488 | 37
$ | 1592834418117223 | 1592834418100864 | 0 | 1592834418117224 | 37 | 0x444f4b$ | 1592834418147222 | 1592834418100864 | 0 | 1592834418147223 | 37 | 0x444f41% | 1592834418100864 | 1592834418164830 | 37
$ | 1592834418177224 | 1592834418165194 | 0 | 1592834418177224 | 37 | 0x444f45$ | 1592834418207223 | 1592834418165194 | 0 | 1592834418207223 | 37 | 0x444f41% | 1592834418165194 | 1592834418229227 | 37
$ | 1592834418237224 | 1592834418229633 | 0 | 1592834418237224 | 37 | 0x444f4b$ | 1592834418267223 | 1592834418229633 | 0 | 1592834418267223 | 37 | 0x444f4b% | 1592834418229633 | 1592834418293534 | 37
$ | 1592834418297223 | 1592834418293905 | 0 | 1592834418297224 | 37 | 0x444f4f$ | 1592834418327226 | 1592834418293905 | 0 | 1592834418327226 | 37 | 0x444f41$ | 1592834418357224 | 1592834418293905 | 0 | 1592834418357224 | 37 | 0x444f4b% | 1592834418293905 | 1592834418359189 | 37
$ | 1592834418387224 | 1592834418359871 | 0 | 1592834418387225 | 37 | 0x444f37$ | 1592834418417224 | 1592834418359871 | 0 | 1592834418417224 | 37 | 0x444f4b% | 1592834418359871 | 1592834418425423 | 37
$ | 1592834418447225 | 1592834418425602 | 0 | 1592834418447225 | 37 | 0x444f41$ | 1592834418477223 | 1592834418425602 | 0 | 1592834418477223 | 37 | 0x444f41% | 1592834418425602 | 1592834418491085 | 37
$ | 1592834418507225 | 1592834418491275 | 0 | 1592834418507225 | 37 | 0x444f4b$ | 1592834418537223 | 1592834418491275 | 0 | 1592834418537224 | 37 | 0x444f4b% | 1592834418491275 | 1592834418556744 | 37
$ | 1592834418567224 | 1592834418556983 | 0 | 1592834418567225 | 37 | 0x444f26$ | 1592834418597224 | 1592834418556983 | 0 | 1592834418597224 | 37 | 0x444f4b% | 1592834418556983 | 1592834418622518 | 37
$ | 1592834418627224 | 1592834418622703 | 0 | 1592834418627224 | 37 | 0x444f45$ | 1592834418657223 | 1592834418622703 | 0 | 1592834418657223 | 37 | 0x444f26$ | 1592834418687223 | 1592834418622703 | 0 | 1592834418687223 | 37 | 0x444f26% | 1592834418622703 | 1592834418688123 | 37
$ | 1592834418717224 | 1592834418688315 | 0 | 1592834418717225 | 37 | 0x444f4b$ | 1592834418747223 | 1592834418688315 | 0 | 1592834418747224 | 37 | 0x444f4b% | 1592834418688315 | 1592834418753789 | 37
$ | 1592834418777224 | 1592834418753977 | 0 | 1592834418777224 | 37 | 0x444f55$ | 1592834418807223 | 1592834418753977 | 0 | 1592834418807224 | 37 | 0x444f41% | 1592834418753977 | 1592834418819513 | 37
$ | 1592834418837225 | 1592834418819686 | 0 | 1592834418837225 | 37 | 0x444f55$ | 1592834418867223 | 1592834418819686 | 0 | 1592834418867224 | 37 | 0x444f4b% | 1592834418819686 | 1592834418885097 | 37
$ | 1592834418897224 | 1592834418885509 | 0 | 1592834418897224 | 37 | 0x444f4b$ | 1592834418927223 | 1592834418885509 | 0 | 1592834418927223 | 37 | 0x444f4b% | 1592834418885509 | 1592834418950979 | 37
$ | 1592834418957224 | 1592834418951149 | 0 | 1592834418957224 | 37 | 0x444f4b$ | 1592834418987224 | 1592834418951149 | 0 | 1592834418987225 | 37 | 0x444f4b% | 1592834418951149 | 1592834419016661 | 37
$ | 1592834419017223 | 1592834419016895 | 0 | 1592834419017223 | 37 | 0x444f41$ | 1592834419047223 | 1592834419016895 | 0 | 1592834419047224 | 37 | 0x444f4b$ | 1592834419077224 | 1592834419016895 | 0 | 1592834419077224 | 37 | 0x444f45% | 1592834419016895 | 1592834419082365 | 37
$ | 1592834419107224 | 1592834419082683 | 0 | 1592834419107225 | 37 | 0x444f41$ | 1592834419137223 | 1592834419082683 | 0 | 1592834419137223 | 37 | 0x444f4f% | 1592834419082683 | 1592834419148139 | 37
$ | 1592834419167223 | 1592834419148340 | 0 | 1592834419167223 | 37 | 0x444f41$ | 1592834419197223 | 1592834419148340 | 0 | 1592834419197223 | 37 | 0x444f4b% | 1592834419148340 | 1592834419213953 | 37
$ | 1592834419227223 | 1592834419214212 | 0 | 1592834419227224 | 37 | 0x444f41$ | 1592834419257223 | 1592834419214212 | 0 | 1592834419257223 | 37 | 0x444f4b% | 1592834419214212 | 1592834419279698 | 37
$ | 1592834419287223 | 1592834419280057 | 0 | 1592834419287224 | 37 | 0x444f4b$ | 1592834419317223 | 1592834419280057 | 0 | 1592834419317223 | 37 | 0x444f4b% | 1592834419280057 | 1592834419345520 | 37
$ | 1592834419347223 | 1592834419345730 | 0 | 1592834419347223 | 37 | 0x444f26$ | 1592834419377223 | 1592834419345730 | 0 | 1592834419377223 | 37 | 0x444f4b$ | 1592834419407224 | 1592834419345730 | 0 | 1592834419407224 | 37 | 0x444f37% | 1592834419345730 | 1592834419411248 | 37
$ | 1592834419437224 | 1592834419411453 | 0 | 1592834419437225 | 37 | 0x444f4b$ | 1592834419467223 | 1592834419411453 | 0 | 1592834419467223 | 37 | 0x444f37% | 1592834419411453 | 1592834419476888 | 37
$ | 1592834419497223 | 1592834419477307 | 0 | 1592834419497224 | 37 | 0x444f41$ | 1592834419527223 | 1592834419477307 | 0 | 1592834419527224 | 37 | 0x444f55% | 1592834419477307 | 1592834419542766 | 37
$ | 1592834419557224 | 1592834419542946 | 0 | 1592834419557224 | 37 | 0x444f4b$ | 1592834419587223 | 1592834419542946 | 0 | 1592834419587223 | 37 | 0x444f41% | 1592834419542946 | 1592834419608471 | 37
$ | 1592834419617224 | 1592834419608710 | 0 | 1592834419617224 | 37 | 0x444f41$ | 1592834419647224 | 1592834419608710 | 0 | 1592834419647224 | 37 | 0x444f4b% | 1592834419608710 | 1592834419674343 | 37
$ | 1592834419677223 | 1592834419674688 | 0 | 1592834419677223 | 37 | 0x444f4b$ | 1592834419707223 | 1592834419674688 | 0 | 1592834419707223 | 37 | 0x444f41$ | 1592834419737223 | 1592834419674688 | 0 | 1592834419737223 | 37 | 0x444f4b% | 1592834419674688 | 1592834419740133 | 37
$ | 1592834419767223 | 1592834419740356 | 0 | 1592834419767224 | 37 | 0x444f4b$ | 1592834419797222 | 1592834419740356 | 0 | 1592834419797222 | 37 | 0x444f4b% | 1592834419740356 | 1592834419805883 | 37
$ | 1592834419827224 | 1592834419806183 | 0 | 1592834419827224 | 37 | 0x444f55$ | 1592834419857224 | 1592834419806183 | 0 | 1592834419857225 | 37 | 0x444f4b% | 1592834419806183 | 1592834419871637 | 37
$ | 1592834419887223 | 1592834419872062 | 0 | 1592834419887224 | 37 | 0x444f4b$ | 1592834419917224 | 1592834419872062 | 0 | 1592834419917224 | 37 | 0x444f55% | 1592834419872062 | 1592834419937491 | 37
$ | 1592834419947223 | 1592834419937728 | 0 | 1592834419947224 | 37 | 0x444f4f$ | 1592834419977223 | 1592834419937728 | 0 | 1592834419977223 | 37 | 0x444f26% | 1592834419937728 | 1592834420003209 | 37
$ | 1592834420007223 | 1592834420003449 | 0 | 1592834420007224 | 37 | 0x444f41$ | 1592834420037223 | 1592834420003449 | 0 | 1592834420037224 | 37 | 0x444f4b$ | 1592834420067223 | 1592834420003449 | 0 | 1592834420067223 | 37 | 0x444f41% | 1592834420003449 | 1592834420068918 | 37
$ | 1592834420097225 | 1592834420069381 | 0 | 1592834420097225 | 37 | 0x444f41$ | 1592834420127223 | 1592834420069381 | 0 | 1592834420127224 | 37 | 0x444f41% | 1592834420069381 | 1592834420134819 | 37
$ | 1592834420157222 | 1592834420135010 | 0 | 1592834420157222 | 37 | 0x444f4b$ | 1592834420187224 | 1592834420135010 | 0 | 1592834420187225 | 37 | 0x444f4b% | 1592834420135010 | 1592834420200676 | 37
$ | 1592834420217224 | 1592834420200906 | 0 | 1592834420217224 | 37 | 0x444f41$ | 1592834420247222 | 1592834420200906 | 0 | 1592834420247222 | 37 | 0x444f4b% | 1592834420200906 | 1592834420266396 | 37
$ | 1592834420277223 | 1592834420266763 | 0 | 1592834420277223 | 37 | 0x444f4b$ | 1592834420307224 | 1592834420266763 | 0 | 1592834420307224 | 37 | 0x444f41% | 1592834420266763 | 1592834420332186 | 37
$ | 1592834420337224 | 1592834420332424 | 0 | 1592834420337224 | 37 | 0x444f26$ | 1592834420367223 | 1592834420332424 | 0 | 1592834420367223 | 37 | 0x444f26$ | 1592834420397222 | 1592834420332424 | 0 | 1592834420397223 | 37 | 0x444f55% | 1592834420332424 | 1592834420397969 | 37
$ | 1592834420427224 | 1592834420398196 | 0 | 1592834420427224 | 37 | 0x444f41$ | 1592834420457223 | 1592834420398196 | 0 | 1592834420457223 | 37 | 0x444f4b% | 1592834420398196 | 1592834420463600 | 37
$ | 1592834420487224 | 1592834420464014 | 0 | 1592834420487224 | 37 | 0x444f41$ | 1592834420517222 | 1592834420464014 | 0 | 1592834420517223 | 37 | 0x444f41% | 1592834420464014 | 1592834420529545 | 37
$ | 1592834420547223 | 1592834420529720 | 0 | 1592834420547223 | 37 | 0x444f45$ | 1592834420577223 | 1592834420529720 | 0 | 1592834420577224 | 37 | 0x444f41% | 1592834420529720 | 1592834420595251 | 37
$ | 1592834420607223 | 1592834420595419 | 0 | 1592834420607224 | 37 | 0x444f41$ | 1592834420637223 | 1592834420595419 | 0 | 1592834420637223 | 37 | 0x444f45% | 1592834420595419 | 1592834420660868 | 37
$ | 1592834420667223 | 1592834420661143 | 0 | 1592834420667223 | 37 | 0x444f4b$ | 1592834420697223 | 1592834420661143 | 0 | 1592834420697223 | 37 | 0x444f4b% | 1592834420661143 | 1592834420726567 | 37
$ | 1592834420727222 | 1592834420726833 | 0 | 1592834420727222 | 37 | 0x444f4b$ | 1592834420757223 | 1592834420726833 | 0 | 1592834420757224 | 37 | 0x444f4f$ | 1592834420787223 | 1592834420726833 | 0 | 1592834420787223 | 37 | 0x444f41% | 1592834420726833 | 1592834420792366 | 37
$ | 1592834420817224 | 1592834420792628 | 0 | 1592834420817224 | 37 | 0x444f41$ | 1592834420847223 | 1592834420792628 | 0 | 1592834420847224 | 37 | 0x444f4b% | 1592834420792628 | 1592834420858083 | 37
$ | 1592834420877224 | 1592834420858539 | 0 | 1592834420877224 | 37 | 0x444f41$ | 1592834420907223 | 1592834420858539 | 0 | 1592834420907223 | 37 | 0x444f4b% | 1592834420858539 | 1592834420924124 | 37
$ | 1592834420937224 | 1592834420924290 | 0 | 1592834420937224 | 37 | 0x444f41$ | 1592834420967223 | 1592834420924290 | 0 | 1592834420967223 | 37 | 0x444f4b% | 1592834420924290 | 1592834420989825 | 37
$ | 1592834420997224 | 1592834420990076 | 0 | 1592834420997224 | 37 | 0x444f55$ | 1592834421027223 | 1592834420990076 | 0 | 1592834421027224 | 37 | 0x444f4b% | 1592834420990076 | 1592834421055513 | 37
$ | 1592834421057223 | 1592834421055865 | 0 | 1592834421057223 | 37 | 0x444f4b$ | 1592834421087223 | 1592834421055865 | 0 | 1592834421087223 | 37 | 0x444f4b$ | 1592834421117223 | 1592834421055865 | 0 | 1592834421117223 | 37 | 0x444f55% | 1592834421055865 | 1592834421121306 | 37
$ | 1592834421147224 | 1592834421121504 | 0 | 1592834421147225 | 37 | 0x444f26$ | 1592834421177224 | 1592834421121504 | 0 | 1592834421177225 | 37 | 0x444f4b% | 1592834421121504 | 1592834421187049 | 37
$ | 1592834421207224 | 1592834421187292 | 0 | 1592834421207224 | 37 | 0x444f41$ | 1592834421237223 | 1592834421187292 | 0 | 1592834421237223 | 37 | 0x444f41% | 1592834421187292 | 1592834421252788 | 37
$ | 1592834421267224 | 1592834421253100 | 0 | 1592834421267224 | 37 | 0x444f4f$ | 1592834421297223 | 1592834421253100 | 0 | 1592834421297223 | 37 | 0x444f4b% | 1592834421253100 | 1592834421318551 | 37
$ | 1592834421327223 | 1592834421318746 | 0 | 1592834421327223 | 37 | 0x444f26$ | 1592834421357223 | 1592834421318746 | 0 | 1592834421357223 | 37 | 0x444f4b% | 1592834421318746 | 1592834421384310 | 37
$ | 1592834421387223 | 1592834421384567 | 0 | 1592834421387223 | 37 | 0x444f55$ | 1592834421417224 | 1592834421384567 | 0 | 1592834421417224 | 37 | 0x444f41$ | 1592834421447223 | 1592834421384567 | 0 | 1592834421447223 | 37 | 0x444f55% | 1592834421384567 | 1592834421450019 | 37
$ | 1592834421477224 | 1592834421450450 | 0 | 1592834421477224 | 37 | 0x444f41$ | 1592834421507222 | 1592834421450450 | 0 | 1592834421507222 | 37 | 0x444f4b% | 1592834421450450 | 1592834421515876 | 37
$ | 1592834421537224 | 1592834421516062 | 0 | 1592834421537224 | 37 | 0x444f55$ | 1592834421567223 | 1592834421516062 | 0 | 1592834421567223 | 37 | 0x444f30% | 1592834421516062 | 1592834421581608 | 37
$ | 1592834421597224 | 1592834421581936 | 0 | 1592834421597224 | 37 | 0x444f30$ | 1592834421627223 | 1592834421581936 | 0 | 1592834421627223 | 37 | 0x444f26% | 1592834421581936 | 1592834421647410 | 37
$ | 1592834421657224 | 1592834421647781 | 0 | 1592834421657224 | 37 | 0x444f4b$ | 1592834421687223 | 1592834421647781 | 0 | 1592834421687224 | 37 | 0x444f26% | 1592834421647781 | 1592834421713238 | 37
$ | 1592834421717223 | 1592834421713409 | 0 | 1592834421717223 | 37 | 0x444f4b$ | 1592834421747223 | 1592834421713409 | 0 | 1592834421747223 | 37 | 0x444f4f$ | 1592834421777223 | 1592834421713409 | 0 | 1592834421777223 | 37 | 0x444f4b% | 1592834421713409 | 1592834421778937 | 37
$ | 1592834421807225 | 1592834421779126 | 0 | 1592834421807225 | 37 | 0x444f4f$ | 1592834421837223 | 1592834421779126 | 0 | 1592834421837223 | 37 | 0x444f4b% | 1592834421779126 | 1592834421844530 | 37
$ | 1592834421867224 | 1592834421844886 | 0 | 1592834421867224 | 37 | 0x444f41$ | 1592834421897223 | 1592834421844886 | 0 | 1592834421897223 | 37 | 0x444f37% | 1592834421844886 | 1592834421910363 | 37
$ | 1592834421927224 | 1592834421910549 | 0 | 1592834421927225 | 37 | 0x444f4b$ | 1592834421957223 | 1592834421910549 | 0 | 1592834421957224 | 37 | 0x444f4b% | 1592834421910549 | 1592834421976113 | 37
$ | 1592834421987223 | 1592834421976322 | 0 | 1592834421987223 | 37 | 0x444f41$ | 1592834422017224 | 1592834421976322 | 0 | 1592834422017225 | 37 | 0x444f41% | 1592834421976322 | 1592834422041764 | 37
$ | 1592834422047223 | 1592834422042151 | 0 | 1592834422047224 | 37 | 0x444f37$ | 1592834422077223 | 1592834422042151 | 0 | 1592834422077223 | 37 | 0x444f45$ | 1592834422107223 | 1592834422042151 | 0 | 1592834422107224 | 37 | 0x444f55% | 1592834422042151 | 1592834422107625 | 37
$ | 1592834422137223 | 1592834422107790 | 0 | 1592834422137224 | 37 | 0x444f30$ | 1592834422167222 | 1592834422107790 | 0 | 1592834422167222 | 37 | 0x444f41% | 1592834422107790 | 1592834422173333 | 37
$ | 1592834422197224 | 1592834422173618 | 0 | 1592834422197224 | 37 | 0x444f37$ | 1592834422227222 | 1592834422173618 | 0 | 1592834422227223 | 37 | 0x444f37% | 1592834422173618 | 1592834422239050 | 37
$ | 1592834422257224 | 1592834422239398 | 0 | 1592834422257224 | 37 | 0x444f4b$ | 1592834422287224 | 1592834422239398 | 0 | 1592834422287224 | 37 | 0x444f55% | 1592834422239398 | 1592834422304888 | 37
$ | 1592834422317224 | 1592834422305087 | 0 | 1592834422317225 | 37 | 0x444f4b$ | 1592834422347223 | 1592834422305087 | 0 | 1592834422347223 | 37 | 0x444f37% | 1592834422305087 | 1592834422370634 | 37
$ | 1592834422377224 | 1592834422370873 | 0 | 1592834422377224 | 37 | 0x444f41$ | 1592834422407222 | 1592834422370873 | 0 | 1592834422407222 | 37 | 0x444f4b% | 1592834422370873 | 1592834422436275 | 37
$ | 1592834422437222 | 1592834422436681 | 0 | 1592834422437222 | 37 | 0x444f30$ | 1592834422467223 | 1592834422436681 | 0 | 1592834422467223 | 37 | 0x444f55$ | 1592834422497224 | 1592834422436681 | 0 | 1592834422497224 | 37 | 0x444f55% | 1592834422436681 | 1592834422502196 | 37
$ | 1592834422527224 | 1592834422502386 | 0 | 1592834422527224 | 37 | 0x444f4f$ | 1592834422557223 | 1592834422502386 | 0 | 1592834422557223 | 37 | 0x444f4b% | 1592834422502386 | 1592834422567917 | 37
$ | 1592834422587224 | 1592834422568097 | 0 | 1592834422587224 | 37 | 0x444f55$ | 1592834422617223 | 1592834422568097 | 0 | 1592834422617223 | 37 | 0x444f4f% | 1592834422568097 | 1592834422633611 | 37
# exe: /lustrehome/home/s.engkadac/profiling/wave2d/tau/ex05-with-taucompilers-tracing/wave2d
# node: 8
# thread: 0
