# Format version: 0.2
# $ | <timestamp> | <delta-begin> | <delta-end> | <metric 1> ... <metric N> | <tau callpath> | <location> [ PC callstack ]
# % | <delta-begin metric 1> ... <delta-begin metric N> | <delta-end metric 1> ... <delta-end metric N> | <tau callpath>
# Metrics: TIME
$ | 1592834415955761 | 1592834415929492 | 0 | 1592834415955761 | 15 | 0x4450a8$ | 1592834415985759 | 1592834415929492 | 0 | 1592834415985760 | 15 | 0x4450d0$ | 1592834416015756 | 1592834415988977 | 0 | 1592834416015756 | 18 | 0x44523c$ | 1592834416045754 | 1592834415988977 | 0 | 1592834416045754 | 18 | 0x445200$ | 1592834416075754 | 1592834415988977 | 0 | 1592834416075754 | 18 | 0x44523c% | 1592834415988977 | 1592834416104419 | 18
% | 1592834415929492 | 1592834416104421 | 15
$ | 1592834416105760 | 1592834416104957 | 0 | 1592834416105760 | 37 | 0x444f4f$ | 1592834416135761 | 1592834416104957 | 0 | 1592834416135762 | 37 | 0x444f4b$ | 1592834416165760 | 1592834416104957 | 0 | 1592834416165761 | 37 | 0x444f26% | 1592834416104957 | 1592834416170020 | 37
$ | 1592834416195762 | 1592834416170576 | 0 | 1592834416195762 | 37 | 0x444f37$ | 1592834416225761 | 1592834416170576 | 0 | 1592834416225761 | 37 | 0x444f55% | 1592834416170576 | 1592834416234075 | 37
$ | 1592834416255762 | 1592834416234781 | 0 | 1592834416255763 | 37 | 0x444f41$ | 1592834416285760 | 1592834416234781 | 0 | 1592834416285761 | 37 | 0x444f26% | 1592834416234781 | 1592834416298351 | 37
$ | 1592834416315762 | 1592834416299165 | 0 | 1592834416315762 | 37 | 0x444f55$ | 1592834416345759 | 1592834416299165 | 0 | 1592834416345760 | 37 | 0x444f41% | 1592834416299165 | 1592834416362569 | 37
$ | 1592834416375761 | 1592834416363453 | 0 | 1592834416375761 | 37 | 0x444f45$ | 1592834416405761 | 1592834416363453 | 0 | 1592834416405761 | 37 | 0x444f4b% | 1592834416363453 | 1592834416426966 | 37
$ | 1592834416435761 | 1592834416427887 | 0 | 1592834416435762 | 37 | 0x444f41$ | 1592834416465760 | 1592834416427887 | 0 | 1592834416465761 | 37 | 0x444f4b% | 1592834416427887 | 1592834416491487 | 37
$ | 1592834416495761 | 1592834416492265 | 0 | 1592834416495761 | 37 | 0x444f4b$ | 1592834416525760 | 1592834416492265 | 0 | 1592834416525760 | 37 | 0x444f55% | 1592834416492265 | 1592834416555672 | 37
$ | 1592834416555757 | 1592834416555691 | 0 | 1592834416555757 | 26 | 0x7f44e526395f% | 1592834416555691 | 1592834416556407 | 26
$ | 1592834416585761 | 1592834416556525 | 0 | 1592834416585762 | 37 | 0x444f41$ | 1592834416615761 | 1592834416556525 | 0 | 1592834416615761 | 37 | 0x444f45% | 1592834416556525 | 1592834416620014 | 37
$ | 1592834416645761 | 1592834416620801 | 0 | 1592834416645762 | 37 | 0x444f55$ | 1592834416675761 | 1592834416620801 | 0 | 1592834416675761 | 37 | 0x444f4b% | 1592834416620801 | 1592834416684392 | 37
$ | 1592834416705761 | 1592834416685222 | 0 | 1592834416705761 | 37 | 0x444f4b$ | 1592834416735760 | 1592834416685222 | 0 | 1592834416735760 | 37 | 0x444f4f% | 1592834416685222 | 1592834416748617 | 37
$ | 1592834416765761 | 1592834416749517 | 0 | 1592834416765761 | 37 | 0x444f45$ | 1592834416795760 | 1592834416749517 | 0 | 1592834416795761 | 37 | 0x444f4b% | 1592834416749517 | 1592834416813042 | 37
$ | 1592834416825761 | 1592834416813870 | 0 | 1592834416825761 | 37 | 0x444f4f$ | 1592834416855760 | 1592834416813870 | 0 | 1592834416855761 | 37 | 0x444f4b% | 1592834416813870 | 1592834416877445 | 37
$ | 1592834416885761 | 1592834416878295 | 0 | 1592834416885761 | 37 | 0x444f41$ | 1592834416915761 | 1592834416878295 | 0 | 1592834416915761 | 37 | 0x444f4b% | 1592834416878295 | 1592834416941659 | 37
$ | 1592834416945760 | 1592834416942553 | 0 | 1592834416945760 | 37 | 0x444f4b$ | 1592834416975760 | 1592834416942553 | 0 | 1592834416975761 | 37 | 0x444f41$ | 1592834417005760 | 1592834416942553 | 0 | 1592834417005760 | 37 | 0x444f55% | 1592834416942553 | 1592834417006018 | 37
$ | 1592834417035761 | 1592834417006821 | 0 | 1592834417035762 | 37 | 0x444f37$ | 1592834417065761 | 1592834417006821 | 0 | 1592834417065761 | 37 | 0x444f41% | 1592834417006821 | 1592834417070420 | 37
$ | 1592834417095761 | 1592834417071259 | 0 | 1592834417095762 | 37 | 0x444f41$ | 1592834417125761 | 1592834417071259 | 0 | 1592834417125761 | 37 | 0x444f15% | 1592834417071259 | 1592834417134662 | 37
$ | 1592834417155761 | 1592834417135599 | 0 | 1592834417155761 | 37 | 0x444f45$ | 1592834417185761 | 1592834417135599 | 0 | 1592834417185761 | 37 | 0x444f4b% | 1592834417135599 | 1592834417199111 | 37
$ | 1592834417215760 | 1592834417199998 | 0 | 1592834417215761 | 37 | 0x444f4b$ | 1592834417245761 | 1592834417199998 | 0 | 1592834417245761 | 37 | 0x444f45% | 1592834417199998 | 1592834417263528 | 37
$ | 1592834417275761 | 1592834417264412 | 0 | 1592834417275761 | 37 | 0x444f4b$ | 1592834417305761 | 1592834417264412 | 0 | 1592834417305761 | 37 | 0x444f41% | 1592834417264412 | 1592834417327785 | 37
$ | 1592834417335762 | 1592834417328644 | 0 | 1592834417335762 | 37 | 0x444f4b$ | 1592834417365762 | 1592834417328644 | 0 | 1592834417365763 | 37 | 0x444f4b% | 1592834417328644 | 1592834417392120 | 37
$ | 1592834417395760 | 1592834417392983 | 0 | 1592834417395760 | 37 | 0x444f45$ | 1592834417425761 | 1592834417392983 | 0 | 1592834417425761 | 37 | 0x444f41$ | 1592834417455761 | 1592834417392983 | 0 | 1592834417455762 | 37 | 0x444f41% | 1592834417392983 | 1592834417456546 | 37
$ | 1592834417485761 | 1592834417457394 | 0 | 1592834417485761 | 37 | 0x444f55$ | 1592834417515761 | 1592834417457394 | 0 | 1592834417515761 | 37 | 0x444f45% | 1592834417457394 | 1592834417520763 | 37
$ | 1592834417545761 | 1592834417521647 | 0 | 1592834417545761 | 37 | 0x444f37$ | 1592834417575761 | 1592834417521647 | 0 | 1592834417575761 | 37 | 0x444f2c% | 1592834417521647 | 1592834417585073 | 37
$ | 1592834417605761 | 1592834417585978 | 0 | 1592834417605761 | 37 | 0x444f41$ | 1592834417635761 | 1592834417585978 | 0 | 1592834417635761 | 37 | 0x444f4b% | 1592834417585978 | 1592834417649553 | 37
$ | 1592834417665762 | 1592834417650425 | 0 | 1592834417665762 | 37 | 0x444f4b$ | 1592834417695760 | 1592834417650425 | 0 | 1592834417695761 | 37 | 0x444f4f% | 1592834417650425 | 1592834417713850 | 37
$ | 1592834417725762 | 1592834417714638 | 0 | 1592834417725762 | 37 | 0x444f4b$ | 1592834417755760 | 1592834417714638 | 0 | 1592834417755760 | 37 | 0x444f4b% | 1592834417714638 | 1592834417778121 | 37
$ | 1592834417785761 | 1592834417779027 | 0 | 1592834417785761 | 37 | 0x444f37$ | 1592834417815761 | 1592834417779027 | 0 | 1592834417815761 | 37 | 0x444f37% | 1592834417779027 | 1592834417842618 | 37
$ | 1592834417845760 | 1592834417843470 | 0 | 1592834417845760 | 37 | 0x444f4b$ | 1592834417875760 | 1592834417843470 | 0 | 1592834417875760 | 37 | 0x444f4f$ | 1592834417905761 | 1592834417843470 | 0 | 1592834417905761 | 37 | 0x444f37% | 1592834417843470 | 1592834417906916 | 37
$ | 1592834417935761 | 1592834417907705 | 0 | 1592834417935761 | 37 | 0x444f45$ | 1592834417965761 | 1592834417907705 | 0 | 1592834417965761 | 37 | 0x444f41% | 1592834417907705 | 1592834417971165 | 37
$ | 1592834417995762 | 1592834417971994 | 0 | 1592834417995762 | 37 | 0x444f41$ | 1592834418025760 | 1592834417971994 | 0 | 1592834418025761 | 37 | 0x444f4b% | 1592834417971994 | 1592834418035578 | 37
$ | 1592834418055762 | 1592834418036458 | 0 | 1592834418055763 | 37 | 0x444f45$ | 1592834418085760 | 1592834418036458 | 0 | 1592834418085760 | 37 | 0x444f4b% | 1592834418036458 | 1592834418099843 | 37
$ | 1592834418115761 | 1592834418100670 | 0 | 1592834418115762 | 37 | 0x444f4b$ | 1592834418145761 | 1592834418100670 | 0 | 1592834418145761 | 37 | 0x444f41% | 1592834418100670 | 1592834418164178 | 37
$ | 1592834418175762 | 1592834418165075 | 0 | 1592834418175762 | 37 | 0x444f4b$ | 1592834418205761 | 1592834418165075 | 0 | 1592834418205761 | 37 | 0x444f37% | 1592834418165075 | 1592834418228660 | 37
$ | 1592834418235761 | 1592834418229535 | 0 | 1592834418235762 | 37 | 0x444f4b$ | 1592834418265760 | 1592834418229535 | 0 | 1592834418265760 | 37 | 0x444f4b% | 1592834418229535 | 1592834418292963 | 37
$ | 1592834418295760 | 1592834418293669 | 0 | 1592834418295760 | 37 | 0x444f4b$ | 1592834418325761 | 1592834418293669 | 0 | 1592834418325761 | 37 | 0x444f4b$ | 1592834418355763 | 1592834418293669 | 0 | 1592834418355763 | 37 | 0x444f4f% | 1592834418293669 | 1592834418359166 | 37
$ | 1592834418385762 | 1592834418359845 | 0 | 1592834418385762 | 37 | 0x444f4b$ | 1592834418415762 | 1592834418359845 | 0 | 1592834418415762 | 37 | 0x444f4b% | 1592834418359845 | 1592834418424992 | 37
$ | 1592834418445762 | 1592834418425671 | 0 | 1592834418445762 | 37 | 0x444f4b$ | 1592834418475761 | 1592834418425671 | 0 | 1592834418475762 | 37 | 0x444f41% | 1592834418425671 | 1592834418490645 | 37
$ | 1592834418505761 | 1592834418491326 | 0 | 1592834418505761 | 37 | 0x444f41$ | 1592834418535760 | 1592834418491326 | 0 | 1592834418535761 | 37 | 0x444f26% | 1592834418491326 | 1592834418556372 | 37
$ | 1592834418565761 | 1592834418557063 | 0 | 1592834418565761 | 37 | 0x444f37$ | 1592834418595761 | 1592834418557063 | 0 | 1592834418595761 | 37 | 0x444f41% | 1592834418557063 | 1592834418622197 | 37
$ | 1592834418625761 | 1592834418622916 | 0 | 1592834418625761 | 37 | 0x444f41$ | 1592834418655761 | 1592834418622916 | 0 | 1592834418655762 | 37 | 0x444f41$ | 1592834418685762 | 1592834418622916 | 0 | 1592834418685762 | 37 | 0x444f41% | 1592834418622916 | 1592834418687922 | 37
$ | 1592834418715762 | 1592834418688590 | 0 | 1592834418715762 | 37 | 0x444f37$ | 1592834418745761 | 1592834418688590 | 0 | 1592834418745761 | 37 | 0x444f4b% | 1592834418688590 | 1592834418753608 | 37
$ | 1592834418775761 | 1592834418754301 | 0 | 1592834418775761 | 37 | 0x444f26$ | 1592834418805761 | 1592834418754301 | 0 | 1592834418805762 | 37 | 0x444f45% | 1592834418754301 | 1592834418819439 | 37
$ | 1592834418835761 | 1592834418820184 | 0 | 1592834418835761 | 37 | 0x444f37$ | 1592834418865761 | 1592834418820184 | 0 | 1592834418865761 | 37 | 0x444f4b% | 1592834418820184 | 1592834418885171 | 37
$ | 1592834418895762 | 1592834418885856 | 0 | 1592834418895762 | 37 | 0x444f41$ | 1592834418925761 | 1592834418885856 | 0 | 1592834418925762 | 37 | 0x444f41% | 1592834418885856 | 1592834418950913 | 37
$ | 1592834418955760 | 1592834418951549 | 0 | 1592834418955760 | 37 | 0x444f55$ | 1592834418985761 | 1592834418951549 | 0 | 1592834418985761 | 37 | 0x444f45$ | 1592834419015760 | 1592834418951549 | 0 | 1592834419015761 | 37 | 0x444f4b% | 1592834418951549 | 1592834419016693 | 37
$ | 1592834419045762 | 1592834419017425 | 0 | 1592834419045762 | 37 | 0x444f4b$ | 1592834419075761 | 1592834419017425 | 0 | 1592834419075761 | 37 | 0x444f45% | 1592834419017425 | 1592834419082371 | 37
$ | 1592834419105762 | 1592834419083074 | 0 | 1592834419105762 | 37 | 0x444f30$ | 1592834419135762 | 1592834419083074 | 0 | 1592834419135762 | 37 | 0x444f41% | 1592834419083074 | 1592834419148126 | 37
$ | 1592834419165760 | 1592834419148782 | 0 | 1592834419165761 | 37 | 0x444f45$ | 1592834419195761 | 1592834419148782 | 0 | 1592834419195762 | 37 | 0x444f4b% | 1592834419148782 | 1592834419214012 | 37
$ | 1592834419225761 | 1592834419214748 | 0 | 1592834419225761 | 37 | 0x444f41$ | 1592834419255761 | 1592834419214748 | 0 | 1592834419255762 | 37 | 0x444f4b% | 1592834419214748 | 1592834419279755 | 37
$ | 1592834419285761 | 1592834419280426 | 0 | 1592834419285762 | 37 | 0x444f4b$ | 1592834419315761 | 1592834419280426 | 0 | 1592834419315761 | 37 | 0x444f1d% | 1592834419280426 | 1592834419345483 | 37
$ | 1592834419345757 | 1592834419345504 | 0 | 1592834419345757 | 26 | 0x7f44e5262935% | 1592834419345504 | 1592834419346007 | 26
$ | 1592834419375760 | 1592834419346102 | 0 | 1592834419375761 | 37 | 0x444f4b$ | 1592834419405761 | 1592834419346102 | 0 | 1592834419405762 | 37 | 0x444f1d% | 1592834419346102 | 1592834419411260 | 37
$ | 1592834419435762 | 1592834419411993 | 0 | 1592834419435763 | 37 | 0x444f41$ | 1592834419465761 | 1592834419411993 | 0 | 1592834419465761 | 37 | 0x444f4f% | 1592834419411993 | 1592834419476971 | 37
$ | 1592834419495762 | 1592834419477625 | 0 | 1592834419495762 | 37 | 0x444f41$ | 1592834419525761 | 1592834419477625 | 0 | 1592834419525761 | 37 | 0x444f4b% | 1592834419477625 | 1592834419542670 | 37
$ | 1592834419555762 | 1592834419543355 | 0 | 1592834419555762 | 37 | 0x444f4b$ | 1592834419585761 | 1592834419543355 | 0 | 1592834419585761 | 37 | 0x444f4b% | 1592834419543355 | 1592834419608512 | 37
$ | 1592834419615761 | 1592834419609248 | 0 | 1592834419615761 | 37 | 0x444f55$ | 1592834419645762 | 1592834419609248 | 0 | 1592834419645762 | 37 | 0x444f41% | 1592834419609248 | 1592834419674372 | 37
$ | 1592834419675759 | 1592834419675108 | 0 | 1592834419675760 | 37 | 0x444f1d$ | 1592834419705761 | 1592834419675108 | 0 | 1592834419705761 | 37 | 0x444f26$ | 1592834419735761 | 1592834419675108 | 0 | 1592834419735761 | 37 | 0x444f26% | 1592834419675108 | 1592834419740163 | 37
$ | 1592834419765762 | 1592834419740831 | 0 | 1592834419765762 | 37 | 0x444f37$ | 1592834419795761 | 1592834419740831 | 0 | 1592834419795762 | 37 | 0x444f41% | 1592834419740831 | 1592834419806008 | 37
$ | 1592834419825761 | 1592834419806732 | 0 | 1592834419825761 | 37 | 0x444f4f$ | 1592834419855761 | 1592834419806732 | 0 | 1592834419855761 | 37 | 0x444f37% | 1592834419806732 | 1592834419871676 | 37
$ | 1592834419885761 | 1592834419872449 | 0 | 1592834419885762 | 37 | 0x444f4b$ | 1592834419915761 | 1592834419872449 | 0 | 1592834419915761 | 37 | 0x444f4b% | 1592834419872449 | 1592834419937534 | 37
$ | 1592834419945761 | 1592834419938155 | 0 | 1592834419945762 | 37 | 0x444f4f$ | 1592834419975762 | 1592834419938155 | 0 | 1592834419975762 | 37 | 0x444f4b% | 1592834419938155 | 1592834420003289 | 37
$ | 1592834420005760 | 1592834420004039 | 0 | 1592834420005761 | 37 | 0x444f41$ | 1592834420035761 | 1592834420004039 | 0 | 1592834420035761 | 37 | 0x444f45$ | 1592834420065761 | 1592834420004039 | 0 | 1592834420065761 | 37 | 0x444f4b% | 1592834420004039 | 1592834420069048 | 37
$ | 1592834420095761 | 1592834420069706 | 0 | 1592834420095761 | 37 | 0x444f4b$ | 1592834420125762 | 1592834420069706 | 0 | 1592834420125762 | 37 | 0x444f26% | 1592834420069706 | 1592834420134724 | 37
$ | 1592834420155762 | 1592834420135408 | 0 | 1592834420155762 | 37 | 0x444f37$ | 1592834420185761 | 1592834420135408 | 0 | 1592834420185761 | 37 | 0x444f45% | 1592834420135408 | 1592834420200709 | 37
$ | 1592834420215762 | 1592834420201437 | 0 | 1592834420215762 | 37 | 0x444f45$ | 1592834420245761 | 1592834420201437 | 0 | 1592834420245762 | 37 | 0x444f4b% | 1592834420201437 | 1592834420266448 | 37
$ | 1592834420275762 | 1592834420267141 | 0 | 1592834420275762 | 37 | 0x444f41$ | 1592834420305761 | 1592834420267141 | 0 | 1592834420305761 | 37 | 0x444f55% | 1592834420267141 | 1592834420332174 | 37
$ | 1592834420335760 | 1592834420332828 | 0 | 1592834420335760 | 37 | 0x444f4b$ | 1592834420365761 | 1592834420332828 | 0 | 1592834420365761 | 37 | 0x444f26$ | 1592834420395762 | 1592834420332828 | 0 | 1592834420395762 | 37 | 0x444f30% | 1592834420332828 | 1592834420398012 | 37
$ | 1592834420425762 | 1592834420398683 | 0 | 1592834420425763 | 37 | 0x444f1d$ | 1592834420455762 | 1592834420398683 | 0 | 1592834420455762 | 37 | 0x444f55% | 1592834420398683 | 1592834420463639 | 37
$ | 1592834420485763 | 1592834420464296 | 0 | 1592834420485763 | 37 | 0x444f4b$ | 1592834420515761 | 1592834420464296 | 0 | 1592834420515761 | 37 | 0x444f41% | 1592834420464296 | 1592834420529361 | 37
$ | 1592834420545762 | 1592834420529952 | 0 | 1592834420545763 | 37 | 0x444f4f$ | 1592834420575761 | 1592834420529952 | 0 | 1592834420575761 | 37 | 0x444f20% | 1592834420529952 | 1592834420595147 | 37
$ | 1592834420605762 | 1592834420595846 | 0 | 1592834420605762 | 37 | 0x444f37$ | 1592834420635761 | 1592834420595846 | 0 | 1592834420635761 | 37 | 0x444f1d% | 1592834420595846 | 1592834420660811 | 37
$ | 1592834420665760 | 1592834420661520 | 0 | 1592834420665760 | 37 | 0x444f41$ | 1592834420695762 | 1592834420661520 | 0 | 1592834420695762 | 37 | 0x444f4b$ | 1592834420725762 | 1592834420661520 | 0 | 1592834420725762 | 37 | 0x444f37% | 1592834420661520 | 1592834420726551 | 37
$ | 1592834420755762 | 1592834420727289 | 0 | 1592834420755762 | 37 | 0x444f37$ | 1592834420785762 | 1592834420727289 | 0 | 1592834420785762 | 37 | 0x444f4b% | 1592834420727289 | 1592834420792452 | 37
$ | 1592834420815762 | 1592834420793125 | 0 | 1592834420815762 | 37 | 0x444f41$ | 1592834420845763 | 1592834420793125 | 0 | 1592834420845763 | 37 | 0x444f26% | 1592834420793125 | 1592834420858182 | 37
$ | 1592834420875761 | 1592834420858865 | 0 | 1592834420875762 | 37 | 0x444f41$ | 1592834420905762 | 1592834420858865 | 0 | 1592834420905762 | 37 | 0x444f4b% | 1592834420858865 | 1592834420924001 | 37
$ | 1592834420935762 | 1592834420924705 | 0 | 1592834420935762 | 37 | 0x444f41$ | 1592834420965761 | 1592834420924705 | 0 | 1592834420965761 | 37 | 0x444f4b% | 1592834420924705 | 1592834420989849 | 37
$ | 1592834420995761 | 1592834420990575 | 0 | 1592834420995761 | 37 | 0x444f4b$ | 1592834421025761 | 1592834420990575 | 0 | 1592834421025761 | 37 | 0x444f4b% | 1592834420990575 | 1592834421055534 | 37
$ | 1592834421055757 | 1592834421055549 | 0 | 1592834421055757 | 26 | 0x7f44e62bc585% | 1592834421055549 | 1592834421056141 | 26
$ | 1592834421085761 | 1592834421056242 | 0 | 1592834421085762 | 37 | 0x444f1d$ | 1592834421115761 | 1592834421056242 | 0 | 1592834421115761 | 37 | 0x444f26% | 1592834421056242 | 1592834421121282 | 37
$ | 1592834421145762 | 1592834421121902 | 0 | 1592834421145762 | 37 | 0x444f4b$ | 1592834421175761 | 1592834421121902 | 0 | 1592834421175761 | 37 | 0x444f1d% | 1592834421121902 | 1592834421187102 | 37
$ | 1592834421205762 | 1592834421187782 | 0 | 1592834421205762 | 37 | 0x444f55$ | 1592834421235761 | 1592834421187782 | 0 | 1592834421235762 | 37 | 0x444f37% | 1592834421187782 | 1592834421252795 | 37
$ | 1592834421265761 | 1592834421253472 | 0 | 1592834421265762 | 37 | 0x444f41$ | 1592834421295760 | 1592834421253472 | 0 | 1592834421295761 | 37 | 0x444f55% | 1592834421253472 | 1592834421318524 | 37
$ | 1592834421325761 | 1592834421319217 | 0 | 1592834421325761 | 37 | 0x444f4b$ | 1592834421355761 | 1592834421319217 | 0 | 1592834421355761 | 37 | 0x444f4b% | 1592834421319217 | 1592834421384429 | 37
$ | 1592834421385760 | 1592834421385119 | 0 | 1592834421385760 | 37 | 0x444f4b$ | 1592834421415761 | 1592834421385119 | 0 | 1592834421415762 | 37 | 0x444f4b$ | 1592834421445761 | 1592834421385119 | 0 | 1592834421445761 | 37 | 0x444f41% | 1592834421385119 | 1592834421450102 | 37
$ | 1592834421475761 | 1592834421450786 | 0 | 1592834421475762 | 37 | 0x444f41$ | 1592834421505760 | 1592834421450786 | 0 | 1592834421505760 | 37 | 0x444f4b% | 1592834421450786 | 1592834421515851 | 37
$ | 1592834421535761 | 1592834421516554 | 0 | 1592834421535761 | 37 | 0x444f41$ | 1592834421565761 | 1592834421516554 | 0 | 1592834421565761 | 37 | 0x444f4b% | 1592834421516554 | 1592834421581694 | 37
$ | 1592834421595761 | 1592834421582407 | 0 | 1592834421595762 | 37 | 0x444f41$ | 1592834421625761 | 1592834421582407 | 0 | 1592834421625761 | 37 | 0x444f55% | 1592834421582407 | 1592834421647347 | 37
$ | 1592834421655762 | 1592834421648089 | 0 | 1592834421655763 | 37 | 0x444f4b$ | 1592834421685761 | 1592834421648089 | 0 | 1592834421685762 | 37 | 0x444f4b% | 1592834421648089 | 1592834421713128 | 37
$ | 1592834421715760 | 1592834421713764 | 0 | 1592834421715760 | 37 | 0x444f4b$ | 1592834421745761 | 1592834421713764 | 0 | 1592834421745762 | 37 | 0x444f41$ | 1592834421775761 | 1592834421713764 | 0 | 1592834421775761 | 37 | 0x444f37% | 1592834421713764 | 1592834421778942 | 37
$ | 1592834421805762 | 1592834421779594 | 0 | 1592834421805762 | 37 | 0x444f4b$ | 1592834421835761 | 1592834421779594 | 0 | 1592834421835761 | 37 | 0x444f4b% | 1592834421779594 | 1592834421844613 | 37
$ | 1592834421865761 | 1592834421845225 | 0 | 1592834421865761 | 37 | 0x444f41$ | 1592834421895761 | 1592834421845225 | 0 | 1592834421895762 | 37 | 0x444f4b% | 1592834421845225 | 1592834421910225 | 37
$ | 1592834421925761 | 1592834421910959 | 0 | 1592834421925761 | 37 | 0x444f1d$ | 1592834421955761 | 1592834421910959 | 0 | 1592834421955761 | 37 | 0x444f37% | 1592834421910959 | 1592834421976158 | 37
$ | 1592834421985761 | 1592834421976838 | 0 | 1592834421985761 | 37 | 0x444f41$ | 1592834422015761 | 1592834421976838 | 0 | 1592834422015761 | 37 | 0x444f4b% | 1592834421976838 | 1592834422041813 | 37
$ | 1592834422045761 | 1592834422042490 | 0 | 1592834422045761 | 37 | 0x444f41$ | 1592834422075761 | 1592834422042490 | 0 | 1592834422075762 | 37 | 0x444f4b$ | 1592834422105761 | 1592834422042490 | 0 | 1592834422105761 | 37 | 0x444f45% | 1592834422042490 | 1592834422107513 | 37
$ | 1592834422135761 | 1592834422108234 | 0 | 1592834422135762 | 37 | 0x444f4b$ | 1592834422165759 | 1592834422108234 | 0 | 1592834422165759 | 37 | 0x444f41% | 1592834422108234 | 1592834422173416 | 37
$ | 1592834422195762 | 1592834422174122 | 0 | 1592834422195762 | 37 | 0x444f4f$ | 1592834422225761 | 1592834422174122 | 0 | 1592834422225761 | 37 | 0x444f4f% | 1592834422174122 | 1592834422239098 | 37
$ | 1592834422255762 | 1592834422239774 | 0 | 1592834422255762 | 37 | 0x444f41$ | 1592834422285761 | 1592834422239774 | 0 | 1592834422285761 | 37 | 0x444f4b% | 1592834422239774 | 1592834422304856 | 37
$ | 1592834422315762 | 1592834422305516 | 0 | 1592834422315762 | 37 | 0x444f4f$ | 1592834422345761 | 1592834422305516 | 0 | 1592834422345762 | 37 | 0x444f4b% | 1592834422305516 | 1592834422370682 | 37
$ | 1592834422375761 | 1592834422371363 | 0 | 1592834422375761 | 37 | 0x444f41$ | 1592834422405761 | 1592834422371363 | 0 | 1592834422405761 | 37 | 0x444f4f$ | 1592834422435761 | 1592834422371363 | 0 | 1592834422435762 | 37 | 0x444f4b% | 1592834422371363 | 1592834422436345 | 37
$ | 1592834422465761 | 1592834422436980 | 0 | 1592834422465762 | 37 | 0x444f41$ | 1592834422495761 | 1592834422436980 | 0 | 1592834422495761 | 37 | 0x444f4b% | 1592834422436980 | 1592834422502006 | 37
$ | 1592834422525761 | 1592834422502650 | 0 | 1592834422525761 | 37 | 0x444f41$ | 1592834422555761 | 1592834422502650 | 0 | 1592834422555762 | 37 | 0x444f4b% | 1592834422502650 | 1592834422567768 | 37
$ | 1592834422585762 | 1592834422568568 | 0 | 1592834422585762 | 37 | 0x444f41$ | 1592834422615761 | 1592834422568568 | 0 | 1592834422615761 | 37 | 0x444f45% | 1592834422568568 | 1592834422633512 | 37
# exe: /lustrehome/home/s.engkadac/profiling/wave2d/tau/ex05-with-taucompilers-tracing/wave2d
# node: 14
# thread: 0
