# Format version: 0.2
# $ | <timestamp> | <delta-begin> | <delta-end> | <metric 1> ... <metric N> | <tau callpath> | <location> [ PC callstack ]
# % | <delta-begin metric 1> ... <delta-begin metric N> | <delta-end metric 1> ... <delta-end metric N> | <tau callpath>
# Metrics: TIME
$ | 1592834415957635 | 1592834415929492 | 0 | 1592834415957635 | 15 | 0x4450a8$ | 1592834415987633 | 1592834415929492 | 0 | 1592834415987634 | 15 | 0x4450d0$ | 1592834416017630 | 1592834415989027 | 0 | 1592834416017630 | 18 | 0x44523c$ | 1592834416047628 | 1592834415989027 | 0 | 1592834416047628 | 18 | 0x44523c$ | 1592834416077628 | 1592834415989027 | 0 | 1592834416077628 | 18 | 0x44523c% | 1592834415989027 | 1592834416104376 | 18
% | 1592834415929492 | 1592834416104377 | 15
$ | 1592834416107635 | 1592834416104834 | 0 | 1592834416107636 | 37 | 0x444f4b$ | 1592834416137635 | 1592834416104834 | 0 | 1592834416137636 | 37 | 0x444f4b$ | 1592834416167635 | 1592834416104834 | 0 | 1592834416167635 | 37 | 0x444f41% | 1592834416104834 | 1592834416169948 | 37
$ | 1592834416197636 | 1592834416170557 | 0 | 1592834416197636 | 37 | 0x444f41$ | 1592834416227635 | 1592834416170557 | 0 | 1592834416227635 | 37 | 0x444f4b% | 1592834416170557 | 1592834416234056 | 37
$ | 1592834416257637 | 1592834416234844 | 0 | 1592834416257637 | 37 | 0x444f4f$ | 1592834416287635 | 1592834416234844 | 0 | 1592834416287635 | 37 | 0x444f4b% | 1592834416234844 | 1592834416298374 | 37
$ | 1592834416317635 | 1592834416299393 | 0 | 1592834416317636 | 37 | 0x444f45$ | 1592834416347635 | 1592834416299393 | 0 | 1592834416347635 | 37 | 0x444f4f% | 1592834416299393 | 1592834416362870 | 37
$ | 1592834416377636 | 1592834416363664 | 0 | 1592834416377636 | 37 | 0x444f4b$ | 1592834416407635 | 1592834416363664 | 0 | 1592834416407635 | 37 | 0x444f41% | 1592834416363664 | 1592834416427176 | 37
$ | 1592834416437635 | 1592834416427941 | 0 | 1592834416437636 | 37 | 0x444f4b$ | 1592834416467636 | 1592834416427941 | 0 | 1592834416467636 | 37 | 0x444f45% | 1592834416427941 | 1592834416491445 | 37
$ | 1592834416497634 | 1592834416492403 | 0 | 1592834416497635 | 37 | 0x444f26$ | 1592834416527635 | 1592834416492403 | 0 | 1592834416527635 | 37 | 0x444f4f% | 1592834416492403 | 1592834416555818 | 37
$ | 1592834416557634 | 1592834416556628 | 0 | 1592834416557634 | 37 | 0x444f4f$ | 1592834416587635 | 1592834416556628 | 0 | 1592834416587635 | 37 | 0x444f41$ | 1592834416617634 | 1592834416556628 | 0 | 1592834416617635 | 37 | 0x444f4b% | 1592834416556628 | 1592834416620130 | 37
$ | 1592834416647636 | 1592834416620908 | 0 | 1592834416647636 | 37 | 0x444f4b$ | 1592834416677634 | 1592834416620908 | 0 | 1592834416677635 | 37 | 0x444f41% | 1592834416620908 | 1592834416684431 | 37
$ | 1592834416707636 | 1592834416685388 | 0 | 1592834416707636 | 37 | 0x444f41$ | 1592834416737635 | 1592834416685388 | 0 | 1592834416737635 | 37 | 0x444f26% | 1592834416685388 | 1592834416748769 | 37
$ | 1592834416767636 | 1592834416749689 | 0 | 1592834416767637 | 37 | 0x444f41$ | 1592834416797635 | 1592834416749689 | 0 | 1592834416797635 | 37 | 0x444f26% | 1592834416749689 | 1592834416813185 | 37
$ | 1592834416827636 | 1592834416813993 | 0 | 1592834416827637 | 37 | 0x444f45$ | 1592834416857635 | 1592834416813993 | 0 | 1592834416857635 | 37 | 0x444f41% | 1592834416813993 | 1592834416877510 | 37
$ | 1592834416887637 | 1592834416878463 | 0 | 1592834416887637 | 37 | 0x444f45$ | 1592834416917634 | 1592834416878463 | 0 | 1592834416917635 | 37 | 0x444f4f% | 1592834416878463 | 1592834416941916 | 37
$ | 1592834416947635 | 1592834416942657 | 0 | 1592834416947635 | 37 | 0x444f30$ | 1592834416977634 | 1592834416942657 | 0 | 1592834416977634 | 37 | 0x444f4b% | 1592834416942657 | 1592834417006135 | 37
$ | 1592834417007634 | 1592834417007022 | 0 | 1592834417007634 | 37 | 0x444f3b$ | 1592834417037635 | 1592834417007022 | 0 | 1592834417037635 | 37 | 0x444f4b$ | 1592834417067634 | 1592834417007022 | 0 | 1592834417067635 | 37 | 0x444f26% | 1592834417007022 | 1592834417070554 | 37
$ | 1592834417097636 | 1592834417071480 | 0 | 1592834417097636 | 37 | 0x444f4b$ | 1592834417127635 | 1592834417071480 | 0 | 1592834417127635 | 37 | 0x444f4b% | 1592834417071480 | 1592834417134891 | 37
$ | 1592834417157635 | 1592834417135751 | 0 | 1592834417157635 | 37 | 0x444f4b$ | 1592834417187634 | 1592834417135751 | 0 | 1592834417187635 | 37 | 0x444f4b% | 1592834417135751 | 1592834417199273 | 37
$ | 1592834417217635 | 1592834417200119 | 0 | 1592834417217635 | 37 | 0x444f4b$ | 1592834417247633 | 1592834417200119 | 0 | 1592834417247634 | 37 | 0x444f4b% | 1592834417200119 | 1592834417263608 | 37
$ | 1592834417277635 | 1592834417264539 | 0 | 1592834417277635 | 37 | 0x444f55$ | 1592834417307634 | 1592834417264539 | 0 | 1592834417307635 | 37 | 0x444f55% | 1592834417264539 | 1592834417327947 | 37
$ | 1592834417337635 | 1592834417328795 | 0 | 1592834417337636 | 37 | 0x444f41$ | 1592834417367634 | 1592834417328795 | 0 | 1592834417367634 | 37 | 0x444f41% | 1592834417328795 | 1592834417392277 | 37
$ | 1592834417397635 | 1592834417393068 | 0 | 1592834417397636 | 37 | 0x444f4b$ | 1592834417427635 | 1592834417393068 | 0 | 1592834417427635 | 37 | 0x444f41% | 1592834417393068 | 1592834417456587 | 37
$ | 1592834417457632 | 1592834417457551 | 0 | 1592834417457632 | 37 | 0x444f4f$ | 1592834417487634 | 1592834417457551 | 0 | 1592834417487635 | 37 | 0x444f41$ | 1592834417517634 | 1592834417457551 | 0 | 1592834417517635 | 37 | 0x444f41% | 1592834417457551 | 1592834417520974 | 37
$ | 1592834417547635 | 1592834417521820 | 0 | 1592834417547636 | 37 | 0x444f55$ | 1592834417577635 | 1592834417521820 | 0 | 1592834417577635 | 37 | 0x444f4f% | 1592834417521820 | 1592834417585321 | 37
$ | 1592834417607635 | 1592834417586133 | 0 | 1592834417607636 | 37 | 0x444f41$ | 1592834417637635 | 1592834417586133 | 0 | 1592834417637635 | 37 | 0x444f4b% | 1592834417586133 | 1592834417649683 | 37
$ | 1592834417667635 | 1592834417650554 | 0 | 1592834417667635 | 37 | 0x444f1d$ | 1592834417697635 | 1592834417650554 | 0 | 1592834417697636 | 37 | 0x444f4b% | 1592834417650554 | 1592834417713984 | 37
$ | 1592834417727635 | 1592834417714857 | 0 | 1592834417727636 | 37 | 0x444f45$ | 1592834417757634 | 1592834417714857 | 0 | 1592834417757635 | 37 | 0x444f4b% | 1592834417714857 | 1592834417778324 | 37
$ | 1592834417787635 | 1592834417779147 | 0 | 1592834417787635 | 37 | 0x444f55$ | 1592834417817635 | 1592834417779147 | 0 | 1592834417817635 | 37 | 0x444f41% | 1592834417779147 | 1592834417842681 | 37
$ | 1592834417847636 | 1592834417843574 | 0 | 1592834417847636 | 37 | 0x444f41$ | 1592834417877634 | 1592834417843574 | 0 | 1592834417877635 | 37 | 0x444f55% | 1592834417843574 | 1592834417907046 | 37
$ | 1592834417907630 | 1592834417907504 | 0 | 1592834417907630 | 29 | 0x7f3cec6c94a3% | 1592834417907504 | 1592834417907833 | 29
$ | 1592834417937635 | 1592834417907846 | 0 | 1592834417937635 | 37 | 0x444f37$ | 1592834417967634 | 1592834417907846 | 0 | 1592834417967635 | 37 | 0x444f4f% | 1592834417907846 | 1592834417971348 | 37
$ | 1592834417997634 | 1592834417972134 | 0 | 1592834417997635 | 37 | 0x444f4b$ | 1592834418027635 | 1592834417972134 | 0 | 1592834418027636 | 37 | 0x444f4b% | 1592834417972134 | 1592834418035677 | 37
$ | 1592834418057635 | 1592834418036576 | 0 | 1592834418057636 | 37 | 0x444f41$ | 1592834418087635 | 1592834418036576 | 0 | 1592834418087635 | 37 | 0x444f26% | 1592834418036576 | 1592834418099994 | 37
$ | 1592834418117635 | 1592834418100860 | 0 | 1592834418117635 | 37 | 0x444f4b$ | 1592834418147634 | 1592834418100860 | 0 | 1592834418147634 | 37 | 0x444f41% | 1592834418100860 | 1592834418164376 | 37
$ | 1592834418177635 | 1592834418165190 | 0 | 1592834418177635 | 37 | 0x444f45$ | 1592834418207634 | 1592834418165190 | 0 | 1592834418207635 | 37 | 0x444f4b% | 1592834418165190 | 1592834418228742 | 37
$ | 1592834418237636 | 1592834418229625 | 0 | 1592834418237636 | 37 | 0x444f4b$ | 1592834418267634 | 1592834418229625 | 0 | 1592834418267635 | 37 | 0x444f45% | 1592834418229625 | 1592834418293035 | 37
$ | 1592834418297634 | 1592834418293897 | 0 | 1592834418297634 | 37 | 0x444f41$ | 1592834418327636 | 1592834418293897 | 0 | 1592834418327636 | 37 | 0x444f41$ | 1592834418357636 | 1592834418293897 | 0 | 1592834418357636 | 37 | 0x444f26% | 1592834418293897 | 1592834418358783 | 37
$ | 1592834418387636 | 1592834418359861 | 0 | 1592834418387636 | 37 | 0x444f4b$ | 1592834418417635 | 1592834418359861 | 0 | 1592834418417635 | 37 | 0x444f1d% | 1592834418359861 | 1592834418424943 | 37
$ | 1592834418447636 | 1592834418425622 | 0 | 1592834418447636 | 37 | 0x444f4b$ | 1592834418477634 | 1592834418425622 | 0 | 1592834418477635 | 37 | 0x444f41% | 1592834418425622 | 1592834418490660 | 37
$ | 1592834418507636 | 1592834418491274 | 0 | 1592834418507636 | 37 | 0x444f4b$ | 1592834418537635 | 1592834418491274 | 0 | 1592834418537635 | 37 | 0x444f41% | 1592834418491274 | 1592834418556322 | 37
$ | 1592834418567635 | 1592834418557013 | 0 | 1592834418567636 | 37 | 0x444f45$ | 1592834418597635 | 1592834418557013 | 0 | 1592834418597635 | 37 | 0x444f4b% | 1592834418557013 | 1592834418622156 | 37
$ | 1592834418627634 | 1592834418622864 | 0 | 1592834418627635 | 37 | 0x444f37$ | 1592834418657635 | 1592834418622864 | 0 | 1592834418657635 | 37 | 0x444f4b$ | 1592834418687634 | 1592834418622864 | 0 | 1592834418687634 | 37 | 0x444f41% | 1592834418622864 | 1592834418687870 | 37
$ | 1592834418717636 | 1592834418688539 | 0 | 1592834418717636 | 37 | 0x444f4f$ | 1592834418747635 | 1592834418688539 | 0 | 1592834418747636 | 37 | 0x444f4b% | 1592834418688539 | 1592834418753568 | 37
$ | 1592834418777635 | 1592834418754247 | 0 | 1592834418777636 | 37 | 0x444f4f$ | 1592834418807635 | 1592834418754247 | 0 | 1592834418807635 | 37 | 0x444f30% | 1592834418754247 | 1592834418819328 | 37
$ | 1592834418837636 | 1592834418820131 | 0 | 1592834418837636 | 37 | 0x444f4b$ | 1592834418867635 | 1592834418820131 | 0 | 1592834418867635 | 37 | 0x444f4b% | 1592834418820131 | 1592834418885143 | 37
$ | 1592834418897635 | 1592834418885806 | 0 | 1592834418897636 | 37 | 0x444f4f$ | 1592834418927635 | 1592834418885806 | 0 | 1592834418927635 | 37 | 0x444f4b% | 1592834418885806 | 1592834418950841 | 37
$ | 1592834418957637 | 1592834418951493 | 0 | 1592834418957637 | 37 | 0x444f45$ | 1592834418987634 | 1592834418951493 | 0 | 1592834418987635 | 37 | 0x444f4b% | 1592834418951493 | 1592834419016519 | 37
$ | 1592834419017632 | 1592834419017376 | 0 | 1592834419017632 | 37 | 0x444f4b$ | 1592834419047635 | 1592834419017376 | 0 | 1592834419047635 | 37 | 0x444f4b$ | 1592834419077634 | 1592834419017376 | 0 | 1592834419077634 | 37 | 0x444f4b% | 1592834419017376 | 1592834419082368 | 37
$ | 1592834419107636 | 1592834419083022 | 0 | 1592834419107637 | 37 | 0x444f26$ | 1592834419137633 | 1592834419083022 | 0 | 1592834419137634 | 37 | 0x444f45% | 1592834419083022 | 1592834419148104 | 37
$ | 1592834419167634 | 1592834419148731 | 0 | 1592834419167634 | 37 | 0x444f41$ | 1592834419197634 | 1592834419148731 | 0 | 1592834419197635 | 37 | 0x444f41% | 1592834419148731 | 1592834419213923 | 37
$ | 1592834419227635 | 1592834419214697 | 0 | 1592834419227635 | 37 | 0x444f4b$ | 1592834419257634 | 1592834419214697 | 0 | 1592834419257635 | 37 | 0x444f41% | 1592834419214697 | 1592834419279722 | 37
$ | 1592834419287635 | 1592834419280375 | 0 | 1592834419287635 | 37 | 0x444f37$ | 1592834419317635 | 1592834419280375 | 0 | 1592834419317636 | 37 | 0x444f4b% | 1592834419280375 | 1592834419345386 | 37
$ | 1592834419347634 | 1592834419346050 | 0 | 1592834419347634 | 37 | 0x444f4b$ | 1592834419377634 | 1592834419346050 | 0 | 1592834419377635 | 37 | 0x444f26$ | 1592834419407635 | 1592834419346050 | 0 | 1592834419407635 | 37 | 0x444f26% | 1592834419346050 | 1592834419411138 | 37
$ | 1592834419437636 | 1592834419411937 | 0 | 1592834419437637 | 37 | 0x444f4b$ | 1592834419467635 | 1592834419411937 | 0 | 1592834419467635 | 37 | 0x444f55% | 1592834419411937 | 1592834419476909 | 37
$ | 1592834419497635 | 1592834419477570 | 0 | 1592834419497635 | 37 | 0x444f4f$ | 1592834419527635 | 1592834419477570 | 0 | 1592834419527635 | 37 | 0x444f41% | 1592834419477570 | 1592834419542626 | 37
$ | 1592834419557635 | 1592834419543303 | 0 | 1592834419557635 | 37 | 0x444f26$ | 1592834419587636 | 1592834419543303 | 0 | 1592834419587636 | 37 | 0x444f4b% | 1592834419543303 | 1592834419608433 | 37
$ | 1592834419617635 | 1592834419609199 | 0 | 1592834419617635 | 37 | 0x444f45$ | 1592834419647636 | 1592834419609199 | 0 | 1592834419647636 | 37 | 0x444f4b% | 1592834419609199 | 1592834419674411 | 37
$ | 1592834419677634 | 1592834419675057 | 0 | 1592834419677635 | 37 | 0x444f4b$ | 1592834419707635 | 1592834419675057 | 0 | 1592834419707635 | 37 | 0x444f4b$ | 1592834419737634 | 1592834419675057 | 0 | 1592834419737635 | 37 | 0x444f41% | 1592834419675057 | 1592834419740109 | 37
$ | 1592834419767636 | 1592834419740777 | 0 | 1592834419767636 | 37 | 0x444f2c$ | 1592834419797635 | 1592834419740777 | 0 | 1592834419797635 | 37 | 0x444f4b% | 1592834419740777 | 1592834419805877 | 37
$ | 1592834419827635 | 1592834419806675 | 0 | 1592834419827635 | 37 | 0x444f4b$ | 1592834419857635 | 1592834419806675 | 0 | 1592834419857635 | 37 | 0x444f4b% | 1592834419806675 | 1592834419871726 | 37
$ | 1592834419887636 | 1592834419872394 | 0 | 1592834419887636 | 37 | 0x444f4b$ | 1592834419917635 | 1592834419872394 | 0 | 1592834419917635 | 37 | 0x444f45% | 1592834419872394 | 1592834419937519 | 37
$ | 1592834419947635 | 1592834419938101 | 0 | 1592834419947636 | 37 | 0x444f45$ | 1592834419977635 | 1592834419938101 | 0 | 1592834419977635 | 37 | 0x444f4b% | 1592834419938101 | 1592834420003178 | 37
$ | 1592834420007635 | 1592834420003988 | 0 | 1592834420007635 | 37 | 0x444f45$ | 1592834420037635 | 1592834420003988 | 0 | 1592834420037635 | 37 | 0x444f4b$ | 1592834420067634 | 1592834420003988 | 0 | 1592834420067634 | 37 | 0x444f37% | 1592834420003988 | 1592834420068994 | 37
$ | 1592834420097635 | 1592834420069656 | 0 | 1592834420097635 | 37 | 0x444f4b$ | 1592834420127635 | 1592834420069656 | 0 | 1592834420127635 | 37 | 0x444f55% | 1592834420069656 | 1592834420134686 | 37
$ | 1592834420157635 | 1592834420135356 | 0 | 1592834420157635 | 37 | 0x444f4b$ | 1592834420187635 | 1592834420135356 | 0 | 1592834420187635 | 37 | 0x444f4f% | 1592834420135356 | 1592834420200546 | 37
$ | 1592834420217635 | 1592834420201385 | 0 | 1592834420217635 | 37 | 0x444f41$ | 1592834420247635 | 1592834420201385 | 0 | 1592834420247635 | 37 | 0x444f4b% | 1592834420201385 | 1592834420266380 | 37
$ | 1592834420277633 | 1592834420267089 | 0 | 1592834420277634 | 37 | 0x444f4b$ | 1592834420307635 | 1592834420267089 | 0 | 1592834420307635 | 37 | 0x444f15% | 1592834420267089 | 1592834420332134 | 37
$ | 1592834420337635 | 1592834420332777 | 0 | 1592834420337635 | 37 | 0x444f55$ | 1592834420367635 | 1592834420332777 | 0 | 1592834420367635 | 37 | 0x444f45$ | 1592834420397634 | 1592834420332777 | 0 | 1592834420397634 | 37 | 0x444f41% | 1592834420332777 | 1592834420397885 | 37
$ | 1592834420427635 | 1592834420398633 | 0 | 1592834420427635 | 37 | 0x444f30$ | 1592834420457635 | 1592834420398633 | 0 | 1592834420457635 | 37 | 0x444f41% | 1592834420398633 | 1592834420463561 | 37
$ | 1592834420487634 | 1592834420464237 | 0 | 1592834420487635 | 37 | 0x444f30$ | 1592834420517634 | 1592834420464237 | 0 | 1592834420517634 | 37 | 0x444f45% | 1592834420464237 | 1592834420529274 | 37
$ | 1592834420547635 | 1592834420529900 | 0 | 1592834420547635 | 37 | 0x444f4b$ | 1592834420577634 | 1592834420529900 | 0 | 1592834420577634 | 37 | 0x444f4b% | 1592834420529900 | 1592834420594987 | 37
$ | 1592834420607635 | 1592834420595790 | 0 | 1592834420607635 | 37 | 0x444f41$ | 1592834420637634 | 1592834420595790 | 0 | 1592834420637635 | 37 | 0x444f4b% | 1592834420595790 | 1592834420660747 | 37
$ | 1592834420667636 | 1592834420661473 | 0 | 1592834420667636 | 37 | 0x444f4b$ | 1592834420697634 | 1592834420661473 | 0 | 1592834420697634 | 37 | 0x444f4b% | 1592834420661473 | 1592834420726514 | 37
$ | 1592834420727634 | 1592834420727235 | 0 | 1592834420727634 | 37 | 0x444f41$ | 1592834420757635 | 1592834420727235 | 0 | 1592834420757636 | 37 | 0x444f55$ | 1592834420787635 | 1592834420727235 | 0 | 1592834420787636 | 37 | 0x444f4b% | 1592834420727235 | 1592834420792279 | 37
$ | 1592834420817636 | 1592834420793078 | 0 | 1592834420817636 | 37 | 0x444f4b$ | 1592834420847635 | 1592834420793078 | 0 | 1592834420847635 | 37 | 0x444f55% | 1592834420793078 | 1592834420858124 | 37
$ | 1592834420877636 | 1592834420858815 | 0 | 1592834420877637 | 37 | 0x444f41$ | 1592834420907635 | 1592834420858815 | 0 | 1592834420907635 | 37 | 0x444f4b% | 1592834420858815 | 1592834420923965 | 37
$ | 1592834420937636 | 1592834420924653 | 0 | 1592834420937636 | 37 | 0x444f55$ | 1592834420967635 | 1592834420924653 | 0 | 1592834420967635 | 37 | 0x444f45% | 1592834420924653 | 1592834420989745 | 37
$ | 1592834420997634 | 1592834420990522 | 0 | 1592834420997635 | 37 | 0x444f41$ | 1592834421027634 | 1592834420990522 | 0 | 1592834421027634 | 37 | 0x444f41% | 1592834420990522 | 1592834421055544 | 37
$ | 1592834421057634 | 1592834421056182 | 0 | 1592834421057634 | 37 | 0x444f4b$ | 1592834421087635 | 1592834421056182 | 0 | 1592834421087635 | 37 | 0x444f37$ | 1592834421117635 | 1592834421056182 | 0 | 1592834421117635 | 37 | 0x444f4b% | 1592834421056182 | 1592834421121220 | 37
$ | 1592834421147636 | 1592834421121848 | 0 | 1592834421147636 | 37 | 0x444f30$ | 1592834421177635 | 1592834421121848 | 0 | 1592834421177635 | 37 | 0x444f41% | 1592834421121848 | 1592834421186998 | 37
$ | 1592834421207636 | 1592834421187729 | 0 | 1592834421207636 | 37 | 0x444f4b$ | 1592834421237634 | 1592834421187729 | 0 | 1592834421237635 | 37 | 0x444f4f% | 1592834421187729 | 1592834421252787 | 37
$ | 1592834421267634 | 1592834421253418 | 0 | 1592834421267635 | 37 | 0x444f4b$ | 1592834421297634 | 1592834421253418 | 0 | 1592834421297634 | 37 | 0x444f1d% | 1592834421253418 | 1592834421318528 | 37
$ | 1592834421327637 | 1592834421319164 | 0 | 1592834421327637 | 37 | 0x444f41$ | 1592834421357635 | 1592834421319164 | 0 | 1592834421357635 | 37 | 0x444f55% | 1592834421319164 | 1592834421384263 | 37
$ | 1592834421387634 | 1592834421385064 | 0 | 1592834421387635 | 37 | 0x444f41$ | 1592834421417634 | 1592834421385064 | 0 | 1592834421417635 | 37 | 0x444f41$ | 1592834421447635 | 1592834421385064 | 0 | 1592834421447635 | 37 | 0x444f4b% | 1592834421385064 | 1592834421450094 | 37
$ | 1592834421477635 | 1592834421450735 | 0 | 1592834421477635 | 37 | 0x444f4b$ | 1592834421507635 | 1592834421450735 | 0 | 1592834421507635 | 37 | 0x444f4b% | 1592834421450735 | 1592834421515788 | 37
$ | 1592834421537635 | 1592834421516501 | 0 | 1592834421537636 | 37 | 0x444f1d$ | 1592834421567635 | 1592834421516501 | 0 | 1592834421567635 | 37 | 0x444f41% | 1592834421516501 | 1592834421581573 | 37
$ | 1592834421597635 | 1592834421582359 | 0 | 1592834421597635 | 37 | 0x444f4b$ | 1592834421627634 | 1592834421582359 | 0 | 1592834421627635 | 37 | 0x444f4b% | 1592834421582359 | 1592834421647349 | 37
$ | 1592834421657635 | 1592834421648040 | 0 | 1592834421657636 | 37 | 0x444f4b$ | 1592834421687634 | 1592834421648040 | 0 | 1592834421687635 | 37 | 0x444f41% | 1592834421648040 | 1592834421713150 | 37
$ | 1592834421717635 | 1592834421713710 | 0 | 1592834421717635 | 37 | 0x444f37$ | 1592834421747634 | 1592834421713710 | 0 | 1592834421747635 | 37 | 0x444f41$ | 1592834421777635 | 1592834421713710 | 0 | 1592834421777636 | 37 | 0x444f4b% | 1592834421713710 | 1592834421778831 | 37
$ | 1592834421807636 | 1592834421779530 | 0 | 1592834421807636 | 37 | 0x444f4b$ | 1592834421837635 | 1592834421779530 | 0 | 1592834421837635 | 37 | 0x444f4b% | 1592834421779530 | 1592834421844550 | 37
$ | 1592834421867635 | 1592834421845169 | 0 | 1592834421867635 | 37 | 0x444f4b$ | 1592834421897635 | 1592834421845169 | 0 | 1592834421897635 | 37 | 0x444f4b% | 1592834421845169 | 1592834421910205 | 37
$ | 1592834421927635 | 1592834421910909 | 0 | 1592834421927636 | 37 | 0x444f41$ | 1592834421957634 | 1592834421910909 | 0 | 1592834421957634 | 37 | 0x444f4b% | 1592834421910909 | 1592834421976008 | 37
$ | 1592834421987636 | 1592834421976785 | 0 | 1592834421987636 | 37 | 0x444f4b$ | 1592834422017635 | 1592834421976785 | 0 | 1592834422017635 | 37 | 0x444f41% | 1592834421976785 | 1592834422041810 | 37
$ | 1592834422047635 | 1592834422042441 | 0 | 1592834422047636 | 37 | 0x444f4b$ | 1592834422077635 | 1592834422042441 | 0 | 1592834422077636 | 37 | 0x444f45% | 1592834422042441 | 1592834422107460 | 37
$ | 1592834422107631 | 1592834422107493 | 0 | 1592834422107631 | 26 | 0x7f3ce0453935% | 1592834422107493 | 1592834422107664 | 26
$ | 1592834422137636 | 1592834422108176 | 0 | 1592834422137636 | 37 | 0x444f1d$ | 1592834422167633 | 1592834422108176 | 0 | 1592834422167634 | 37 | 0x444f41% | 1592834422108176 | 1592834422173241 | 37
$ | 1592834422197636 | 1592834422174067 | 0 | 1592834422197636 | 37 | 0x444f4b$ | 1592834422227635 | 1592834422174067 | 0 | 1592834422227635 | 37 | 0x444f41% | 1592834422174067 | 1592834422239039 | 37
$ | 1592834422257635 | 1592834422239728 | 0 | 1592834422257635 | 37 | 0x444f4b$ | 1592834422287635 | 1592834422239728 | 0 | 1592834422287636 | 37 | 0x444f37% | 1592834422239728 | 1592834422304810 | 37
$ | 1592834422317635 | 1592834422305466 | 0 | 1592834422317635 | 37 | 0x444f41$ | 1592834422347633 | 1592834422305466 | 0 | 1592834422347634 | 37 | 0x444f4b% | 1592834422305466 | 1592834422370563 | 37
$ | 1592834422377635 | 1592834422371308 | 0 | 1592834422377635 | 37 | 0x444f4b$ | 1592834422407635 | 1592834422371308 | 0 | 1592834422407635 | 37 | 0x444f45% | 1592834422371308 | 1592834422436354 | 37
$ | 1592834422437634 | 1592834422436929 | 0 | 1592834422437634 | 37 | 0x444f4b$ | 1592834422467633 | 1592834422436929 | 0 | 1592834422467634 | 37 | 0x444f45$ | 1592834422497635 | 1592834422436929 | 0 | 1592834422497635 | 37 | 0x444f4b% | 1592834422436929 | 1592834422501937 | 37
$ | 1592834422527635 | 1592834422502600 | 0 | 1592834422527635 | 37 | 0x444f30$ | 1592834422557635 | 1592834422502600 | 0 | 1592834422557635 | 37 | 0x444f41% | 1592834422502600 | 1592834422567641 | 37
$ | 1592834422587635 | 1592834422568512 | 0 | 1592834422587635 | 37 | 0x444f41$ | 1592834422617635 | 1592834422568512 | 0 | 1592834422617635 | 37 | 0x444f4b% | 1592834422568512 | 1592834422633551 | 37
# exe: /lustrehome/home/s.engkadac/profiling/wave2d/tau/ex05-with-taucompilers-tracing/wave2d
# node: 0
# thread: 0
