# Format version: 0.2
# $ | <timestamp> | <delta-begin> | <delta-end> | <metric 1> ... <metric N> | <tau callpath> | <location> [ PC callstack ]
# % | <delta-begin metric 1> ... <delta-begin metric N> | <delta-end metric 1> ... <delta-end metric N> | <tau callpath>
# Metrics: TIME
$ | 1592834415955718 | 1592834415929521 | 0 | 1592834415955718 | 15 | 0x4450a8$ | 1592834415985717 | 1592834415929521 | 0 | 1592834415985717 | 15 | 0x4450d0$ | 1592834416015710 | 1592834415987588 | 0 | 1592834416015710 | 18 | 0x44520f$ | 1592834416045709 | 1592834415987588 | 0 | 1592834416045709 | 18 | 0x44523c$ | 1592834416075708 | 1592834415987588 | 0 | 1592834416075708 | 18 | 0x44523c% | 1592834415987588 | 1592834416099691 | 18
% | 1592834415929521 | 1592834416099693 | 15
$ | 1592834416105715 | 1592834416105007 | 0 | 1592834416105715 | 37 | 0x444f4b$ | 1592834416135718 | 1592834416105007 | 0 | 1592834416135718 | 37 | 0x444f55$ | 1592834416165715 | 1592834416105007 | 0 | 1592834416165716 | 37 | 0x444f4b% | 1592834416105007 | 1592834416168945 | 37
$ | 1592834416195718 | 1592834416170600 | 0 | 1592834416195718 | 37 | 0x444f4b$ | 1592834416225717 | 1592834416170600 | 0 | 1592834416225717 | 37 | 0x444f41% | 1592834416170600 | 1592834416234331 | 37
$ | 1592834416255717 | 1592834416234854 | 0 | 1592834416255717 | 37 | 0x444f4b$ | 1592834416285717 | 1592834416234854 | 0 | 1592834416285717 | 37 | 0x444f3b% | 1592834416234854 | 1592834416298694 | 37
$ | 1592834416315719 | 1592834416299415 | 0 | 1592834416315719 | 37 | 0x444f55$ | 1592834416345717 | 1592834416299415 | 0 | 1592834416345717 | 37 | 0x444f45% | 1592834416299415 | 1592834416363039 | 37
$ | 1592834416375718 | 1592834416363688 | 0 | 1592834416375718 | 37 | 0x444f4b$ | 1592834416405716 | 1592834416363688 | 0 | 1592834416405717 | 37 | 0x444f15% | 1592834416363688 | 1592834416427341 | 37
$ | 1592834416435717 | 1592834416427970 | 0 | 1592834416435717 | 37 | 0x444f4f$ | 1592834416465717 | 1592834416427970 | 0 | 1592834416465717 | 37 | 0x444f41% | 1592834416427970 | 1592834416491809 | 37
$ | 1592834416495716 | 1592834416492438 | 0 | 1592834416495716 | 37 | 0x444f41$ | 1592834416525718 | 1592834416492438 | 0 | 1592834416525718 | 37 | 0x444f4b$ | 1592834416555716 | 1592834416492438 | 0 | 1592834416555716 | 37 | 0x444f41% | 1592834416492438 | 1592834416556097 | 37
$ | 1592834416585718 | 1592834416556655 | 0 | 1592834416585718 | 37 | 0x444f4b$ | 1592834416615716 | 1592834416556655 | 0 | 1592834416615717 | 37 | 0x444f55% | 1592834416556655 | 1592834416620368 | 37
$ | 1592834416645717 | 1592834416620936 | 0 | 1592834416645718 | 37 | 0x444f45$ | 1592834416675716 | 1592834416620936 | 0 | 1592834416675717 | 37 | 0x444f4b% | 1592834416620936 | 1592834416684749 | 37
$ | 1592834416705718 | 1592834416685424 | 0 | 1592834416705719 | 37 | 0x444f4b$ | 1592834416735717 | 1592834416685424 | 0 | 1592834416735718 | 37 | 0x444f4f% | 1592834416685424 | 1592834416749067 | 37
$ | 1592834416765718 | 1592834416749717 | 0 | 1592834416765718 | 37 | 0x444f37$ | 1592834416795719 | 1592834416749717 | 0 | 1592834416795719 | 37 | 0x444f37% | 1592834416749717 | 1592834416813472 | 37
$ | 1592834416825718 | 1592834416814013 | 0 | 1592834416825719 | 37 | 0x444f4b$ | 1592834416855718 | 1592834416814013 | 0 | 1592834416855719 | 37 | 0x444f4b% | 1592834416814013 | 1592834416877888 | 37
$ | 1592834416885717 | 1592834416878491 | 0 | 1592834416885717 | 37 | 0x444f4f$ | 1592834416915716 | 1592834416878491 | 0 | 1592834416915717 | 37 | 0x444f41% | 1592834416878491 | 1592834416942132 | 37
$ | 1592834416945715 | 1592834416942684 | 0 | 1592834416945715 | 37 | 0x444f4b$ | 1592834416975716 | 1592834416942684 | 0 | 1592834416975716 | 37 | 0x444f4b$ | 1592834417005717 | 1592834416942684 | 0 | 1592834417005717 | 37 | 0x444f41% | 1592834416942684 | 1592834417006398 | 37
$ | 1592834417035717 | 1592834417007044 | 0 | 1592834417035717 | 37 | 0x444f55$ | 1592834417065717 | 1592834417007044 | 0 | 1592834417065717 | 37 | 0x444f45% | 1592834417007044 | 1592834417070917 | 37
$ | 1592834417095718 | 1592834417071508 | 0 | 1592834417095718 | 37 | 0x444f41$ | 1592834417125716 | 1592834417071508 | 0 | 1592834417125717 | 37 | 0x444f41% | 1592834417071508 | 1592834417135136 | 37
$ | 1592834417155718 | 1592834417135779 | 0 | 1592834417155718 | 37 | 0x444f4b$ | 1592834417185716 | 1592834417135779 | 0 | 1592834417185716 | 37 | 0x444f41% | 1592834417135779 | 1592834417199472 | 37
$ | 1592834417215718 | 1592834417200138 | 0 | 1592834417215718 | 37 | 0x444f41$ | 1592834417245716 | 1592834417200138 | 0 | 1592834417245716 | 37 | 0x444f41% | 1592834417200138 | 1592834417264033 | 37
$ | 1592834417275718 | 1592834417264570 | 0 | 1592834417275718 | 37 | 0x444f41$ | 1592834417305716 | 1592834417264570 | 0 | 1592834417305716 | 37 | 0x444f55% | 1592834417264570 | 1592834417328169 | 37
$ | 1592834417335716 | 1592834417328829 | 0 | 1592834417335717 | 37 | 0x444f4b$ | 1592834417365716 | 1592834417328829 | 0 | 1592834417365716 | 37 | 0x444f37% | 1592834417328829 | 1592834417392538 | 37
$ | 1592834417395716 | 1592834417393091 | 0 | 1592834417395716 | 37 | 0x444f4b$ | 1592834417425717 | 1592834417393091 | 0 | 1592834417425717 | 37 | 0x444f4b$ | 1592834417455717 | 1592834417393091 | 0 | 1592834417455717 | 37 | 0x444f45% | 1592834417393091 | 1592834417456931 | 37
$ | 1592834417485716 | 1592834417457583 | 0 | 1592834417485717 | 37 | 0x444f37$ | 1592834417515718 | 1592834417457583 | 0 | 1592834417515719 | 37 | 0x444f4b% | 1592834417457583 | 1592834417521165 | 37
$ | 1592834417545717 | 1592834417521842 | 0 | 1592834417545718 | 37 | 0x444f4b$ | 1592834417575716 | 1592834417521842 | 0 | 1592834417575716 | 37 | 0x444f30% | 1592834417521842 | 1592834417585565 | 37
$ | 1592834417605717 | 1592834417586156 | 0 | 1592834417605718 | 37 | 0x444f4f$ | 1592834417635718 | 1592834417586156 | 0 | 1592834417635718 | 37 | 0x444f4b% | 1592834417586156 | 1592834417650017 | 37
$ | 1592834417665718 | 1592834417650586 | 0 | 1592834417665718 | 37 | 0x444f4b$ | 1592834417695717 | 1592834417650586 | 0 | 1592834417695717 | 37 | 0x444f4b% | 1592834417650586 | 1592834417714206 | 37
$ | 1592834417725717 | 1592834417714883 | 0 | 1592834417725717 | 37 | 0x444f55$ | 1592834417755717 | 1592834417714883 | 0 | 1592834417755717 | 37 | 0x444f41% | 1592834417714883 | 1592834417778576 | 37
$ | 1592834417785716 | 1592834417779178 | 0 | 1592834417785716 | 37 | 0x444f37$ | 1592834417815716 | 1592834417779178 | 0 | 1592834417815716 | 37 | 0x444f41% | 1592834417779178 | 1592834417843080 | 37
$ | 1592834417845715 | 1592834417843598 | 0 | 1592834417845715 | 37 | 0x444f4b$ | 1592834417875717 | 1592834417843598 | 0 | 1592834417875717 | 37 | 0x444f41$ | 1592834417905716 | 1592834417843598 | 0 | 1592834417905717 | 37 | 0x444f4b% | 1592834417843598 | 1592834417907188 | 37
$ | 1592834417935718 | 1592834417907869 | 0 | 1592834417935719 | 37 | 0x444f4f$ | 1592834417965717 | 1592834417907869 | 0 | 1592834417965717 | 37 | 0x444f4b% | 1592834417907869 | 1592834417971555 | 37
$ | 1592834417995717 | 1592834417972166 | 0 | 1592834417995718 | 37 | 0x444f4b$ | 1592834418025717 | 1592834417972166 | 0 | 1592834418025717 | 37 | 0x444f4b% | 1592834417972166 | 1592834418035972 | 37
$ | 1592834418055717 | 1592834418036606 | 0 | 1592834418055718 | 37 | 0x444f41$ | 1592834418085717 | 1592834418036606 | 0 | 1592834418085718 | 37 | 0x444f45% | 1592834418036606 | 1592834418100215 | 37
$ | 1592834418115717 | 1592834418100889 | 0 | 1592834418115717 | 37 | 0x444f41$ | 1592834418145715 | 1592834418100889 | 0 | 1592834418145716 | 37 | 0x444f4b% | 1592834418100889 | 1592834418164624 | 37
$ | 1592834418175716 | 1592834418165215 | 0 | 1592834418175717 | 37 | 0x444f30$ | 1592834418205716 | 1592834418165215 | 0 | 1592834418205716 | 37 | 0x444f4f% | 1592834418165215 | 1592834418229105 | 37
$ | 1592834418235715 | 1592834418229655 | 0 | 1592834418235716 | 37 | 0x444f45$ | 1592834418265716 | 1592834418229655 | 0 | 1592834418265716 | 37 | 0x444f45% | 1592834418229655 | 1592834418293321 | 37
$ | 1592834418295715 | 1592834418293923 | 0 | 1592834418295715 | 37 | 0x444f4b$ | 1592834418325717 | 1592834418293923 | 0 | 1592834418325717 | 37 | 0x444f4b$ | 1592834418355718 | 1592834418293923 | 0 | 1592834418355718 | 37 | 0x444f41% | 1592834418293923 | 1592834418358350 | 37
$ | 1592834418385719 | 1592834418359868 | 0 | 1592834418385719 | 37 | 0x444f4b$ | 1592834418415717 | 1592834418359868 | 0 | 1592834418415718 | 37 | 0x444f41% | 1592834418359868 | 1592834418423767 | 37
$ | 1592834418445719 | 1592834418425606 | 0 | 1592834418445719 | 37 | 0x444f41$ | 1592834418475716 | 1592834418425606 | 0 | 1592834418475717 | 37 | 0x444f4b% | 1592834418425606 | 1592834418489193 | 37
$ | 1592834418505718 | 1592834418491274 | 0 | 1592834418505718 | 37 | 0x444f4b$ | 1592834418535716 | 1592834418491274 | 0 | 1592834418535717 | 37 | 0x444f4b% | 1592834418491274 | 1592834418554959 | 37
$ | 1592834418565718 | 1592834418556984 | 0 | 1592834418565718 | 37 | 0x444f41$ | 1592834418595716 | 1592834418556984 | 0 | 1592834418595717 | 37 | 0x444f41% | 1592834418556984 | 1592834418620895 | 37
$ | 1592834418625716 | 1592834418622704 | 0 | 1592834418625716 | 37 | 0x444f41$ | 1592834418655717 | 1592834418622704 | 0 | 1592834418655717 | 37 | 0x444f55$ | 1592834418685718 | 1592834418622704 | 0 | 1592834418685718 | 37 | 0x444f4b% | 1592834418622704 | 1592834418686366 | 37
$ | 1592834418715718 | 1592834418688316 | 0 | 1592834418715718 | 37 | 0x444f4b$ | 1592834418745716 | 1592834418688316 | 0 | 1592834418745716 | 37 | 0x444f26% | 1592834418688316 | 1592834418752023 | 37
$ | 1592834418775718 | 1592834418753979 | 0 | 1592834418775718 | 37 | 0x444f4b$ | 1592834418805715 | 1592834418753979 | 0 | 1592834418805716 | 37 | 0x444f26% | 1592834418753979 | 1592834418817848 | 37
$ | 1592834418835717 | 1592834418819734 | 0 | 1592834418835718 | 37 | 0x444f41$ | 1592834418865716 | 1592834418819734 | 0 | 1592834418865716 | 37 | 0x444f4b% | 1592834418819734 | 1592834418883356 | 37
$ | 1592834418895718 | 1592834418885554 | 0 | 1592834418895718 | 37 | 0x444f45$ | 1592834418925716 | 1592834418885554 | 0 | 1592834418925717 | 37 | 0x444f55% | 1592834418885554 | 1592834418949218 | 37
$ | 1592834418955716 | 1592834418951167 | 0 | 1592834418955716 | 37 | 0x444f4b$ | 1592834418985717 | 1592834418951167 | 0 | 1592834418985718 | 37 | 0x444f41% | 1592834418951167 | 1592834419014998 | 37
$ | 1592834419015713 | 1592834419015012 | 0 | 1592834419015713 | 26 | 0x7fc76eb4a8f3% | 1592834419015012 | 1592834419016675 | 26
$ | 1592834419045718 | 1592834419016943 | 0 | 1592834419045718 | 37 | 0x444f4b$ | 1592834419075717 | 1592834419016943 | 0 | 1592834419075717 | 37 | 0x444f30% | 1592834419016943 | 1592834419080533 | 37
$ | 1592834419105719 | 1592834419082738 | 0 | 1592834419105719 | 37 | 0x444f55$ | 1592834419135715 | 1592834419082738 | 0 | 1592834419135716 | 37 | 0x444f41% | 1592834419082738 | 1592834419146442 | 37
$ | 1592834419165714 | 1592834419148362 | 0 | 1592834419165714 | 37 | 0x444f41$ | 1592834419195716 | 1592834419148362 | 0 | 1592834419195717 | 37 | 0x444f55% | 1592834419148362 | 1592834419212249 | 37
$ | 1592834419225718 | 1592834419214261 | 0 | 1592834419225718 | 37 | 0x444f41$ | 1592834419255717 | 1592834419214261 | 0 | 1592834419255717 | 37 | 0x444f41% | 1592834419214261 | 1592834419277896 | 37
$ | 1592834419285716 | 1592834419280103 | 0 | 1592834419285716 | 37 | 0x444f41$ | 1592834419315716 | 1592834419280103 | 0 | 1592834419315716 | 37 | 0x444f26% | 1592834419280103 | 1592834419343770 | 37
$ | 1592834419345712 | 1592834419343776 | 0 | 1592834419345712 | 22 | 0x444e81% | 1592834419343776 | 1592834419345728 | 22
$ | 1592834419375716 | 1592834419345730 | 0 | 1592834419375716 | 37 | 0x444f4b$ | 1592834419405716 | 1592834419345730 | 0 | 1592834419405716 | 37 | 0x444f41% | 1592834419345730 | 1592834419409612 | 37
$ | 1592834419435718 | 1592834419411496 | 0 | 1592834419435718 | 37 | 0x444f45$ | 1592834419465716 | 1592834419411496 | 0 | 1592834419465717 | 37 | 0x444f4b% | 1592834419411496 | 1592834419475111 | 37
$ | 1592834419495718 | 1592834419477354 | 0 | 1592834419495718 | 37 | 0x444f4b$ | 1592834419525716 | 1592834419477354 | 0 | 1592834419525716 | 37 | 0x444f4b% | 1592834419477354 | 1592834419541082 | 37
$ | 1592834419555716 | 1592834419542947 | 0 | 1592834419555717 | 37 | 0x444f4b$ | 1592834419585716 | 1592834419542947 | 0 | 1592834419585716 | 37 | 0x444f55% | 1592834419542947 | 1592834419606809 | 37
$ | 1592834419615716 | 1592834419608750 | 0 | 1592834419615716 | 37 | 0x444f37$ | 1592834419645717 | 1592834419608750 | 0 | 1592834419645717 | 37 | 0x444f4b% | 1592834419608750 | 1592834419672363 | 37
$ | 1592834419675715 | 1592834419674738 | 0 | 1592834419675715 | 37 | 0x444f4b$ | 1592834419705718 | 1592834419674738 | 0 | 1592834419705718 | 37 | 0x444f41$ | 1592834419735717 | 1592834419674738 | 0 | 1592834419735717 | 37 | 0x444f4b% | 1592834419674738 | 1592834419738477 | 37
$ | 1592834419765718 | 1592834419740420 | 0 | 1592834419765718 | 37 | 0x444f4b$ | 1592834419795716 | 1592834419740420 | 0 | 1592834419795717 | 37 | 0x444f41% | 1592834419740420 | 1592834419804256 | 37
$ | 1592834419825717 | 1592834419806231 | 0 | 1592834419825717 | 37 | 0x444f37$ | 1592834419855717 | 1592834419806231 | 0 | 1592834419855717 | 37 | 0x444f4f% | 1592834419806231 | 1592834419869828 | 37
$ | 1592834419885718 | 1592834419872113 | 0 | 1592834419885718 | 37 | 0x444f1d$ | 1592834419915717 | 1592834419872113 | 0 | 1592834419915717 | 37 | 0x444f4b% | 1592834419872113 | 1592834419935807 | 37
$ | 1592834419945716 | 1592834419937754 | 0 | 1592834419945716 | 37 | 0x444f41$ | 1592834419975716 | 1592834419937754 | 0 | 1592834419975717 | 37 | 0x444f37% | 1592834419937754 | 1592834420001587 | 37
$ | 1592834420005716 | 1592834420003493 | 0 | 1592834420005716 | 37 | 0x444f41$ | 1592834420035718 | 1592834420003493 | 0 | 1592834420035718 | 37 | 0x444f37$ | 1592834420065715 | 1592834420003493 | 0 | 1592834420065716 | 37 | 0x444f4b% | 1592834420003493 | 1592834420067133 | 37
$ | 1592834420095718 | 1592834420069426 | 0 | 1592834420095718 | 37 | 0x444f4b$ | 1592834420125717 | 1592834420069426 | 0 | 1592834420125717 | 37 | 0x444f45% | 1592834420069426 | 1592834420133137 | 37
$ | 1592834420155718 | 1592834420135034 | 0 | 1592834420155718 | 37 | 0x444f4b$ | 1592834420185716 | 1592834420135034 | 0 | 1592834420185717 | 37 | 0x444f4f% | 1592834420135034 | 1592834420198915 | 37
$ | 1592834420215718 | 1592834420200951 | 0 | 1592834420215718 | 37 | 0x444f4b$ | 1592834420245717 | 1592834420200951 | 0 | 1592834420245717 | 37 | 0x444f4b% | 1592834420200951 | 1592834420264594 | 37
$ | 1592834420275716 | 1592834420266812 | 0 | 1592834420275717 | 37 | 0x444f4b$ | 1592834420305718 | 1592834420266812 | 0 | 1592834420305718 | 37 | 0x444f55% | 1592834420266812 | 1592834420330516 | 37
$ | 1592834420335715 | 1592834420332443 | 0 | 1592834420335715 | 37 | 0x444f55$ | 1592834420365717 | 1592834420332443 | 0 | 1592834420365718 | 37 | 0x444f41$ | 1592834420395717 | 1592834420332443 | 0 | 1592834420395717 | 37 | 0x444f37% | 1592834420332443 | 1592834420396325 | 37
$ | 1592834420425717 | 1592834420398245 | 0 | 1592834420425717 | 37 | 0x444f37$ | 1592834420455716 | 1592834420398245 | 0 | 1592834420455717 | 37 | 0x444f37% | 1592834420398245 | 1592834420461819 | 37
$ | 1592834420485717 | 1592834420464063 | 0 | 1592834420485717 | 37 | 0x444f4b$ | 1592834420515716 | 1592834420464063 | 0 | 1592834420515717 | 37 | 0x444f41% | 1592834420464063 | 1592834420527781 | 37
$ | 1592834420545717 | 1592834420529727 | 0 | 1592834420545718 | 37 | 0x444f4b$ | 1592834420575716 | 1592834420529727 | 0 | 1592834420575717 | 37 | 0x444f4b% | 1592834420529727 | 1592834420593550 | 37
$ | 1592834420605717 | 1592834420595423 | 0 | 1592834420605717 | 37 | 0x444f4b$ | 1592834420635716 | 1592834420595423 | 0 | 1592834420635716 | 37 | 0x444f41% | 1592834420595423 | 1592834420659042 | 37
$ | 1592834420665716 | 1592834420661194 | 0 | 1592834420665716 | 37 | 0x444f41$ | 1592834420695717 | 1592834420661194 | 0 | 1592834420695718 | 37 | 0x444f41% | 1592834420661194 | 1592834420724930 | 37
$ | 1592834420725711 | 1592834420724948 | 0 | 1592834420725711 | 26 | 0x7fc76e51b788% | 1592834420724948 | 1592834420726629 | 26
$ | 1592834420755717 | 1592834420726795 | 0 | 1592834420755718 | 37 | 0x444f4f$ | 1592834420785717 | 1592834420726795 | 0 | 1592834420785717 | 37 | 0x444f45% | 1592834420726795 | 1592834420790636 | 37
$ | 1592834420815719 | 1592834420792685 | 0 | 1592834420815719 | 37 | 0x444f41$ | 1592834420845717 | 1592834420792685 | 0 | 1592834420845717 | 37 | 0x444f4b% | 1592834420792685 | 1592834420856386 | 37
$ | 1592834420875718 | 1592834420858588 | 0 | 1592834420875718 | 37 | 0x444f4b$ | 1592834420905716 | 1592834420858588 | 0 | 1592834420905716 | 37 | 0x444f41% | 1592834420858588 | 1592834420922318 | 37
$ | 1592834420935719 | 1592834420924292 | 0 | 1592834420935719 | 37 | 0x444f4b$ | 1592834420965716 | 1592834420924292 | 0 | 1592834420965716 | 37 | 0x444f55% | 1592834420924292 | 1592834420988123 | 37
$ | 1592834420995716 | 1592834420990128 | 0 | 1592834420995716 | 37 | 0x444f26$ | 1592834421025717 | 1592834420990128 | 0 | 1592834421025717 | 37 | 0x444f4b% | 1592834420990128 | 1592834421053730 | 37
$ | 1592834421055713 | 1592834421055607 | 0 | 1592834421055713 | 26 | 0x7fc77ef514a3% | 1592834421055607 | 1592834421055826 | 26
$ | 1592834421085718 | 1592834421055916 | 0 | 1592834421085718 | 37 | 0x444f4b$ | 1592834421115716 | 1592834421055916 | 0 | 1592834421115717 | 37 | 0x444f4b% | 1592834421055916 | 1592834421119650 | 37
$ | 1592834421145718 | 1592834421121520 | 0 | 1592834421145718 | 37 | 0x444f4b$ | 1592834421175716 | 1592834421121520 | 0 | 1592834421175716 | 37 | 0x444f4f% | 1592834421121520 | 1592834421185398 | 37
$ | 1592834421205717 | 1592834421187339 | 0 | 1592834421205717 | 37 | 0x444f4b$ | 1592834421235716 | 1592834421187339 | 0 | 1592834421235717 | 37 | 0x444f4b% | 1592834421187339 | 1592834421250949 | 37
$ | 1592834421265717 | 1592834421253153 | 0 | 1592834421265718 | 37 | 0x444f41$ | 1592834421295716 | 1592834421253153 | 0 | 1592834421295716 | 37 | 0x444f4b% | 1592834421253153 | 1592834421316778 | 37
$ | 1592834421325715 | 1592834421318794 | 0 | 1592834421325715 | 37 | 0x444f41$ | 1592834421355716 | 1592834421318794 | 0 | 1592834421355716 | 37 | 0x444f1d% | 1592834421318794 | 1592834421382658 | 37
$ | 1592834421385715 | 1592834421384620 | 0 | 1592834421385715 | 37 | 0x444f4b$ | 1592834421415716 | 1592834421384620 | 0 | 1592834421415717 | 37 | 0x444f41$ | 1592834421445716 | 1592834421384620 | 0 | 1592834421445717 | 37 | 0x444f41% | 1592834421384620 | 1592834421448272 | 37
$ | 1592834421475718 | 1592834421450497 | 0 | 1592834421475718 | 37 | 0x444f4b$ | 1592834421505716 | 1592834421450497 | 0 | 1592834421505716 | 37 | 0x444f55% | 1592834421450497 | 1592834421514181 | 37
$ | 1592834421535718 | 1592834421516084 | 0 | 1592834421535718 | 37 | 0x444f4b$ | 1592834421565716 | 1592834421516084 | 0 | 1592834421565717 | 37 | 0x444f41% | 1592834421516084 | 1592834421579972 | 37
$ | 1592834421595719 | 1592834421581977 | 0 | 1592834421595719 | 37 | 0x444f41$ | 1592834421625717 | 1592834421581977 | 0 | 1592834421625717 | 37 | 0x444f41% | 1592834421581977 | 1592834421645636 | 37
$ | 1592834421655717 | 1592834421647827 | 0 | 1592834421655717 | 37 | 0x444f41$ | 1592834421685717 | 1592834421647827 | 0 | 1592834421685717 | 37 | 0x444f4b% | 1592834421647827 | 1592834421711517 | 37
$ | 1592834421715715 | 1592834421713409 | 0 | 1592834421715715 | 37 | 0x444f4b$ | 1592834421745716 | 1592834421713409 | 0 | 1592834421745716 | 37 | 0x444f4b$ | 1592834421775716 | 1592834421713409 | 0 | 1592834421775716 | 37 | 0x444f26% | 1592834421713409 | 1592834421777297 | 37
$ | 1592834421805717 | 1592834421779176 | 0 | 1592834421805717 | 37 | 0x444f4f$ | 1592834421835716 | 1592834421779176 | 0 | 1592834421835716 | 37 | 0x444f26% | 1592834421779176 | 1592834421842834 | 37
$ | 1592834421865718 | 1592834421844932 | 0 | 1592834421865719 | 37 | 0x444f4b$ | 1592834421895716 | 1592834421844932 | 0 | 1592834421895716 | 37 | 0x444f4b% | 1592834421844932 | 1592834421908636 | 37
$ | 1592834421925718 | 1592834421910550 | 0 | 1592834421925718 | 37 | 0x444f41$ | 1592834421955716 | 1592834421910550 | 0 | 1592834421955716 | 37 | 0x444f4b% | 1592834421910550 | 1592834421974390 | 37
$ | 1592834421985716 | 1592834421976381 | 0 | 1592834421985716 | 37 | 0x444f4f$ | 1592834422015716 | 1592834421976381 | 0 | 1592834422015716 | 37 | 0x444f41% | 1592834421976381 | 1592834422039977 | 37
$ | 1592834422045715 | 1592834422042198 | 0 | 1592834422045716 | 37 | 0x444f4b$ | 1592834422075717 | 1592834422042198 | 0 | 1592834422075717 | 37 | 0x444f4b$ | 1592834422105717 | 1592834422042198 | 0 | 1592834422105717 | 37 | 0x444f45% | 1592834422042198 | 1592834422105888 | 37
$ | 1592834422135717 | 1592834422107794 | 0 | 1592834422135718 | 37 | 0x444f41$ | 1592834422165713 | 1592834422107794 | 0 | 1592834422165713 | 37 | 0x444f4b% | 1592834422107794 | 1592834422171703 | 37
$ | 1592834422195717 | 1592834422173667 | 0 | 1592834422195718 | 37 | 0x444f55$ | 1592834422225715 | 1592834422173667 | 0 | 1592834422225715 | 37 | 0x444f4b% | 1592834422173667 | 1592834422237298 | 37
$ | 1592834422255718 | 1592834422239440 | 0 | 1592834422255718 | 37 | 0x444f37$ | 1592834422285716 | 1592834422239440 | 0 | 1592834422285716 | 37 | 0x444f41% | 1592834422239440 | 1592834422303166 | 37
$ | 1592834422315718 | 1592834422305102 | 0 | 1592834422315719 | 37 | 0x444f41$ | 1592834422345716 | 1592834422305102 | 0 | 1592834422345716 | 37 | 0x444f4b% | 1592834422305102 | 1592834422368981 | 37
$ | 1592834422375715 | 1592834422370924 | 0 | 1592834422375715 | 37 | 0x444f4f$ | 1592834422405717 | 1592834422370924 | 0 | 1592834422405717 | 37 | 0x444f41% | 1592834422370924 | 1592834422434536 | 37
$ | 1592834422435713 | 1592834422434555 | 0 | 1592834422435713 | 26 | 0x7fc76fba40a6% | 1592834422434555 | 1592834422436270 | 26
$ | 1592834422465718 | 1592834422436728 | 0 | 1592834422465718 | 37 | 0x444f41$ | 1592834422495716 | 1592834422436728 | 0 | 1592834422495716 | 37 | 0x444f26% | 1592834422436728 | 1592834422500421 | 37
$ | 1592834422525718 | 1592834422502388 | 0 | 1592834422525718 | 37 | 0x444f4b$ | 1592834422555718 | 1592834422502388 | 0 | 1592834422555718 | 37 | 0x444f41% | 1592834422502388 | 1592834422566216 | 37
$ | 1592834422585717 | 1592834422568098 | 0 | 1592834422585717 | 37 | 0x444f4b$ | 1592834422615716 | 1592834422568098 | 0 | 1592834422615717 | 37 | 0x444f45% | 1592834422568098 | 1592834422631713 | 37
# exe: /lustrehome/home/s.engkadac/profiling/wave2d/tau/ex05-with-taucompilers-tracing/wave2d
# node: 9
# thread: 0
