# Format version: 0.2
# $ | <timestamp> | <delta-begin> | <delta-end> | <metric 1> ... <metric N> | <tau callpath> | <location> [ PC callstack ]
# % | <delta-begin metric 1> ... <delta-begin metric N> | <delta-end metric 1> ... <delta-end metric N> | <tau callpath>
# Metrics: TIME
$ | 1592834415957553 | 1592834415929535 | 0 | 1592834415957553 | 15 | 0x4450a8$ | 1592834415987550 | 1592834415987169 | 0 | 1592834415987550 | 18 | 0x44523c$ | 1592834416017546 | 1592834415987169 | 0 | 1592834416017546 | 18 | 0x4452b3$ | 1592834416047545 | 1592834415987169 | 0 | 1592834416047545 | 18 | 0x44523c$ | 1592834416077546 | 1592834415987169 | 0 | 1592834416077546 | 18 | 0x445238% | 1592834415987169 | 1592834416099150 | 18
% | 1592834415929535 | 1592834416099152 | 15
$ | 1592834416107551 | 1592834416104832 | 0 | 1592834416107551 | 37 | 0x444f37$ | 1592834416137553 | 1592834416104832 | 0 | 1592834416137553 | 37 | 0x444f15$ | 1592834416167552 | 1592834416104832 | 0 | 1592834416167552 | 37 | 0x444f4b% | 1592834416104832 | 1592834416169042 | 37
$ | 1592834416197552 | 1592834416170590 | 0 | 1592834416197553 | 37 | 0x444f45$ | 1592834416227552 | 1592834416170590 | 0 | 1592834416227553 | 37 | 0x444f4b% | 1592834416170590 | 1592834416234604 | 37
$ | 1592834416257553 | 1592834416234871 | 0 | 1592834416257553 | 37 | 0x444f55$ | 1592834416287554 | 1592834416234871 | 0 | 1592834416287554 | 37 | 0x444f4b% | 1592834416234871 | 1592834416298745 | 37
$ | 1592834416317553 | 1592834416299417 | 0 | 1592834416317554 | 37 | 0x444f37$ | 1592834416347553 | 1592834416299417 | 0 | 1592834416347553 | 37 | 0x444f30% | 1592834416299417 | 1592834416363234 | 37
$ | 1592834416377553 | 1592834416363688 | 0 | 1592834416377553 | 37 | 0x444f41$ | 1592834416407553 | 1592834416363688 | 0 | 1592834416407553 | 37 | 0x444f41% | 1592834416363688 | 1592834416427740 | 37
$ | 1592834416437553 | 1592834416427974 | 0 | 1592834416437553 | 37 | 0x444f30$ | 1592834416467552 | 1592834416427974 | 0 | 1592834416467553 | 37 | 0x444f41% | 1592834416427974 | 1592834416491911 | 37
$ | 1592834416497552 | 1592834416492429 | 0 | 1592834416497552 | 37 | 0x444f4b$ | 1592834416527553 | 1592834416492429 | 0 | 1592834416527554 | 37 | 0x444f4b% | 1592834416492429 | 1592834416556317 | 37
$ | 1592834416557552 | 1592834416556662 | 0 | 1592834416557553 | 37 | 0x444f41$ | 1592834416587552 | 1592834416556662 | 0 | 1592834416587552 | 37 | 0x444f37$ | 1592834416617553 | 1592834416556662 | 0 | 1592834416617553 | 37 | 0x444f4b% | 1592834416556662 | 1592834416620646 | 37
$ | 1592834416647553 | 1592834416620933 | 0 | 1592834416647553 | 37 | 0x444f4b$ | 1592834416677552 | 1592834416620933 | 0 | 1592834416677552 | 37 | 0x444f41% | 1592834416620933 | 1592834416684809 | 37
$ | 1592834416707552 | 1592834416685423 | 0 | 1592834416707553 | 37 | 0x444f45$ | 1592834416737553 | 1592834416685423 | 0 | 1592834416737553 | 37 | 0x444f4b% | 1592834416685423 | 1592834416749258 | 37
$ | 1592834416767552 | 1592834416749712 | 0 | 1592834416767553 | 37 | 0x444f4b$ | 1592834416797552 | 1592834416749712 | 0 | 1592834416797552 | 37 | 0x444f4f% | 1592834416749712 | 1592834416813666 | 37
$ | 1592834416827553 | 1592834416814012 | 0 | 1592834416827553 | 37 | 0x444f41$ | 1592834416857551 | 1592834416814012 | 0 | 1592834416857552 | 37 | 0x444f4b% | 1592834416814012 | 1592834416877942 | 37
$ | 1592834416887553 | 1592834416878483 | 0 | 1592834416887553 | 37 | 0x444f4b$ | 1592834416917554 | 1592834416878483 | 0 | 1592834416917554 | 37 | 0x444f41% | 1592834416878483 | 1592834416942316 | 37
$ | 1592834416947553 | 1592834416942679 | 0 | 1592834416947553 | 37 | 0x444f41$ | 1592834416977552 | 1592834416942679 | 0 | 1592834416977552 | 37 | 0x444f41% | 1592834416942679 | 1592834417006671 | 37
$ | 1592834417007551 | 1592834417007043 | 0 | 1592834417007551 | 37 | 0x444f41$ | 1592834417037552 | 1592834417007043 | 0 | 1592834417037552 | 37 | 0x444f4b$ | 1592834417067553 | 1592834417007043 | 0 | 1592834417067553 | 37 | 0x444f30% | 1592834417007043 | 1592834417070983 | 37
$ | 1592834417097553 | 1592834417071500 | 0 | 1592834417097553 | 37 | 0x444f4b$ | 1592834417127552 | 1592834417071500 | 0 | 1592834417127552 | 37 | 0x444ef9% | 1592834417071500 | 1592834417135345 | 37
$ | 1592834417157554 | 1592834417135780 | 0 | 1592834417157554 | 37 | 0x444f4b$ | 1592834417187552 | 1592834417135780 | 0 | 1592834417187552 | 37 | 0x444f41% | 1592834417135780 | 1592834417199846 | 37
$ | 1592834417217553 | 1592834417200142 | 0 | 1592834417217554 | 37 | 0x444f4b$ | 1592834417247552 | 1592834417200142 | 0 | 1592834417247552 | 37 | 0x444f41% | 1592834417200142 | 1592834417264035 | 37
$ | 1592834417277553 | 1592834417264565 | 0 | 1592834417277553 | 37 | 0x444f4b$ | 1592834417307553 | 1592834417264565 | 0 | 1592834417307553 | 37 | 0x444f37% | 1592834417264565 | 1592834417328414 | 37
$ | 1592834417337552 | 1592834417328828 | 0 | 1592834417337552 | 37 | 0x444f37$ | 1592834417367554 | 1592834417328828 | 0 | 1592834417367554 | 37 | 0x444f41% | 1592834417328828 | 1592834417392834 | 37
$ | 1592834417397551 | 1592834417393088 | 0 | 1592834417397551 | 37 | 0x444f45$ | 1592834417427552 | 1592834417393088 | 0 | 1592834417427553 | 37 | 0x444f1d% | 1592834417393088 | 1592834417457010 | 37
$ | 1592834417487552 | 1592834417457588 | 0 | 1592834417487553 | 37 | 0x444f55$ | 1592834417517552 | 1592834417457588 | 0 | 1592834417517552 | 37 | 0x444f4b% | 1592834417457588 | 1592834417521460 | 37
$ | 1592834417547553 | 1592834417521841 | 0 | 1592834417547553 | 37 | 0x444f4b$ | 1592834417577552 | 1592834417521841 | 0 | 1592834417577553 | 37 | 0x444f4b% | 1592834417521841 | 1592834417585828 | 37
$ | 1592834417607552 | 1592834417586156 | 0 | 1592834417607553 | 37 | 0x444f55$ | 1592834417637552 | 1592834417586156 | 0 | 1592834417637553 | 37 | 0x444f55% | 1592834417586156 | 1592834417650053 | 37
$ | 1592834417667553 | 1592834417650574 | 0 | 1592834417667553 | 37 | 0x444f45$ | 1592834417697552 | 1592834417650574 | 0 | 1592834417697552 | 37 | 0x444f45% | 1592834417650574 | 1592834417714423 | 37
$ | 1592834417727553 | 1592834417714878 | 0 | 1592834417727553 | 37 | 0x444f4b$ | 1592834417757553 | 1592834417714878 | 0 | 1592834417757553 | 37 | 0x444f4b% | 1592834417714878 | 1592834417778885 | 37
$ | 1592834417787552 | 1592834417779170 | 0 | 1592834417787552 | 37 | 0x444f41$ | 1592834417817553 | 1592834417779170 | 0 | 1592834417817553 | 37 | 0x444f41% | 1592834417779170 | 1592834417843065 | 37
$ | 1592834417847552 | 1592834417843593 | 0 | 1592834417847552 | 37 | 0x444f41$ | 1592834417877553 | 1592834417843593 | 0 | 1592834417877553 | 37 | 0x444f4f% | 1592834417843593 | 1592834417907465 | 37
$ | 1592834417907549 | 1592834417907479 | 0 | 1592834417907549 | 26 | 0x7f8f786244d0% | 1592834417907479 | 1592834417907761 | 26
$ | 1592834417937553 | 1592834417907867 | 0 | 1592834417937553 | 37 | 0x444f4f$ | 1592834417967553 | 1592834417907867 | 0 | 1592834417967553 | 37 | 0x444f4b% | 1592834417907867 | 1592834417971849 | 37
$ | 1592834417997552 | 1592834417972162 | 0 | 1592834417997552 | 37 | 0x444f26$ | 1592834418027552 | 1592834417972162 | 0 | 1592834418027552 | 37 | 0x444f4b% | 1592834417972162 | 1592834418036135 | 37
$ | 1592834418057553 | 1592834418036596 | 0 | 1592834418057554 | 37 | 0x444f4b$ | 1592834418087552 | 1592834418036596 | 0 | 1592834418087552 | 37 | 0x444f4b% | 1592834418036596 | 1592834418100479 | 37
$ | 1592834418117553 | 1592834418100884 | 0 | 1592834418117553 | 37 | 0x444f45$ | 1592834418147553 | 1592834418100884 | 0 | 1592834418147554 | 37 | 0x444f4f% | 1592834418100884 | 1592834418164876 | 37
$ | 1592834418177552 | 1592834418165215 | 0 | 1592834418177553 | 37 | 0x444f37$ | 1592834418207552 | 1592834418165215 | 0 | 1592834418207553 | 37 | 0x444f37% | 1592834418165215 | 1592834418229165 | 37
$ | 1592834418237552 | 1592834418229651 | 0 | 1592834418237553 | 37 | 0x444f55$ | 1592834418267552 | 1592834418229651 | 0 | 1592834418267552 | 37 | 0x444f41% | 1592834418229651 | 1592834418293516 | 37
$ | 1592834418297551 | 1592834418293925 | 0 | 1592834418297551 | 37 | 0x444f4b$ | 1592834418327554 | 1592834418293925 | 0 | 1592834418327555 | 37 | 0x444f45$ | 1592834418357554 | 1592834418293925 | 0 | 1592834418357554 | 37 | 0x444f37% | 1592834418293925 | 1592834418358700 | 37
$ | 1592834418387555 | 1592834418359866 | 0 | 1592834418387555 | 37 | 0x444f41$ | 1592834418417553 | 1592834418359866 | 0 | 1592834418417553 | 37 | 0x444f26% | 1592834418359866 | 1592834418423816 | 37
$ | 1592834418447554 | 1592834418425683 | 0 | 1592834418447555 | 37 | 0x444f4b$ | 1592834418477553 | 1592834418425683 | 0 | 1592834418477553 | 37 | 0x444f4b% | 1592834418425683 | 1592834418489507 | 37
$ | 1592834418507553 | 1592834418491327 | 0 | 1592834418507554 | 37 | 0x444f41$ | 1592834418537553 | 1592834418491327 | 0 | 1592834418537553 | 37 | 0x444f45% | 1592834418491327 | 1592834418555388 | 37
$ | 1592834418567553 | 1592834418557072 | 0 | 1592834418567553 | 37 | 0x444f41$ | 1592834418597552 | 1592834418557072 | 0 | 1592834418597553 | 37 | 0x444f4b% | 1592834418557072 | 1592834418621036 | 37
$ | 1592834418627553 | 1592834418622926 | 0 | 1592834418627553 | 37 | 0x444f41$ | 1592834418657553 | 1592834418622926 | 0 | 1592834418657553 | 37 | 0x444f4b% | 1592834418622926 | 1592834418686744 | 37
$ | 1592834418687549 | 1592834418686967 | 0 | 1592834418687549 | 26 | 0x7f8f78c54662% | 1592834418686967 | 1592834418687911 | 26
$ | 1592834418717553 | 1592834418688605 | 0 | 1592834418717554 | 37 | 0x444f41$ | 1592834418747552 | 1592834418688605 | 0 | 1592834418747552 | 37 | 0x444f4b% | 1592834418688605 | 1592834418752548 | 37
$ | 1592834418777552 | 1592834418754316 | 0 | 1592834418777552 | 37 | 0x444f37$ | 1592834418807553 | 1592834418754316 | 0 | 1592834418807553 | 37 | 0x444f37% | 1592834418754316 | 1592834418818302 | 37
$ | 1592834418837552 | 1592834418820193 | 0 | 1592834418837552 | 37 | 0x444f45$ | 1592834418867552 | 1592834418820193 | 0 | 1592834418867553 | 37 | 0x444f4b% | 1592834418820193 | 1592834418884044 | 37
$ | 1592834418897553 | 1592834418885865 | 0 | 1592834418897553 | 37 | 0x444f4b$ | 1592834418927552 | 1592834418885865 | 0 | 1592834418927553 | 37 | 0x444f30% | 1592834418885865 | 1592834418949917 | 37
$ | 1592834418957552 | 1592834418951555 | 0 | 1592834418957552 | 37 | 0x444f4b$ | 1592834418987551 | 1592834418951555 | 0 | 1592834418987551 | 37 | 0x444f55% | 1592834418951555 | 1592834419015442 | 37
$ | 1592834419017549 | 1592834419017437 | 0 | 1592834419017549 | 37 | 0x444f26$ | 1592834419047552 | 1592834419017437 | 0 | 1592834419047553 | 37 | 0x444f4b$ | 1592834419077553 | 1592834419017437 | 0 | 1592834419077553 | 37 | 0x444f4b% | 1592834419017437 | 1592834419081289 | 37
$ | 1592834419107552 | 1592834419083088 | 0 | 1592834419107552 | 37 | 0x444f26$ | 1592834419137552 | 1592834419083088 | 0 | 1592834419137552 | 37 | 0x444f55% | 1592834419083088 | 1592834419147092 | 37
$ | 1592834419167551 | 1592834419148790 | 0 | 1592834419167552 | 37 | 0x444f4b$ | 1592834419197553 | 1592834419148790 | 0 | 1592834419197553 | 37 | 0x444f4b% | 1592834419148790 | 1592834419212717 | 37
$ | 1592834419227553 | 1592834419214756 | 0 | 1592834419227554 | 37 | 0x444f45$ | 1592834419257554 | 1592834419214756 | 0 | 1592834419257554 | 37 | 0x444f37% | 1592834419214756 | 1592834419278607 | 37
$ | 1592834419287551 | 1592834419280428 | 0 | 1592834419287552 | 37 | 0x444f37$ | 1592834419317552 | 1592834419280428 | 0 | 1592834419317553 | 37 | 0x444f41% | 1592834419280428 | 1592834419344391 | 37
$ | 1592834419347551 | 1592834419346108 | 0 | 1592834419347551 | 37 | 0x444f4b$ | 1592834419377552 | 1592834419346108 | 0 | 1592834419377552 | 37 | 0x444f4b$ | 1592834419407553 | 1592834419346108 | 0 | 1592834419407553 | 37 | 0x444f37% | 1592834419346108 | 1592834419410003 | 37
$ | 1592834419437553 | 1592834419412003 | 0 | 1592834419437553 | 37 | 0x444f41$ | 1592834419467553 | 1592834419412003 | 0 | 1592834419467553 | 37 | 0x444f4b% | 1592834419412003 | 1592834419475910 | 37
$ | 1592834419497552 | 1592834419477632 | 0 | 1592834419497552 | 37 | 0x444f4b$ | 1592834419527552 | 1592834419477632 | 0 | 1592834419527552 | 37 | 0x444f4b% | 1592834419477632 | 1592834419541645 | 37
$ | 1592834419557553 | 1592834419543363 | 0 | 1592834419557553 | 37 | 0x444f4b$ | 1592834419587553 | 1592834419543363 | 0 | 1592834419587553 | 37 | 0x444f55% | 1592834419543363 | 1592834419607298 | 37
$ | 1592834419617552 | 1592834419609253 | 0 | 1592834419617553 | 37 | 0x444f4b$ | 1592834419647552 | 1592834419609253 | 0 | 1592834419647552 | 37 | 0x444f4b% | 1592834419609253 | 1592834419673102 | 37
$ | 1592834419677551 | 1592834419675115 | 0 | 1592834419677551 | 37 | 0x444f37$ | 1592834419707552 | 1592834419675115 | 0 | 1592834419707552 | 37 | 0x444f26$ | 1592834419737552 | 1592834419675115 | 0 | 1592834419737552 | 37 | 0x444f55% | 1592834419675115 | 1592834419739127 | 37
$ | 1592834419767553 | 1592834419740841 | 0 | 1592834419767554 | 37 | 0x444f4b$ | 1592834419797552 | 1592834419740841 | 0 | 1592834419797553 | 37 | 0x444f4b% | 1592834419740841 | 1592834419804724 | 37
$ | 1592834419827553 | 1592834419806737 | 0 | 1592834419827553 | 37 | 0x444f37$ | 1592834419857552 | 1592834419806737 | 0 | 1592834419857552 | 37 | 0x444f41% | 1592834419806737 | 1592834419870632 | 37
$ | 1592834419887552 | 1592834419872458 | 0 | 1592834419887552 | 37 | 0x444f55$ | 1592834419917553 | 1592834419872458 | 0 | 1592834419917553 | 37 | 0x444f4b% | 1592834419872458 | 1592834419936439 | 37
$ | 1592834419947553 | 1592834419938163 | 0 | 1592834419947553 | 37 | 0x444f4b$ | 1592834419977553 | 1592834419938163 | 0 | 1592834419977553 | 37 | 0x444f4b% | 1592834419938163 | 1592834420002128 | 37
$ | 1592834420007550 | 1592834420004047 | 0 | 1592834420007550 | 37 | 0x444f4b$ | 1592834420037552 | 1592834420004047 | 0 | 1592834420037552 | 37 | 0x444f4b$ | 1592834420067553 | 1592834420004047 | 0 | 1592834420067553 | 37 | 0x444f4b% | 1592834420004047 | 1592834420067952 | 37
$ | 1592834420097553 | 1592834420069713 | 0 | 1592834420097553 | 37 | 0x444f26$ | 1592834420127553 | 1592834420069713 | 0 | 1592834420127553 | 37 | 0x444f45% | 1592834420069713 | 1592834420133725 | 37
$ | 1592834420157554 | 1592834420135419 | 0 | 1592834420157555 | 37 | 0x444f4b$ | 1592834420187553 | 1592834420135419 | 0 | 1592834420187553 | 37 | 0x444f45% | 1592834420135419 | 1592834420199393 | 37
$ | 1592834420217554 | 1592834420201448 | 0 | 1592834420217554 | 37 | 0x444f4b$ | 1592834420247553 | 1592834420201448 | 0 | 1592834420247554 | 37 | 0x444f41% | 1592834420201448 | 1592834420265305 | 37
$ | 1592834420277553 | 1592834420267148 | 0 | 1592834420277554 | 37 | 0x444f4b$ | 1592834420307552 | 1592834420267148 | 0 | 1592834420307552 | 37 | 0x444f41% | 1592834420267148 | 1592834420331124 | 37
$ | 1592834420337553 | 1592834420332831 | 0 | 1592834420337553 | 37 | 0x444f4b$ | 1592834420367552 | 1592834420332831 | 0 | 1592834420367553 | 37 | 0x444f37% | 1592834420332831 | 1592834420396743 | 37
$ | 1592834420397550 | 1592834420397065 | 0 | 1592834420397550 | 26 | 0x7f8f84fed4a3% | 1592834420397065 | 1592834420397965 | 26
$ | 1592834420427552 | 1592834420398693 | 0 | 1592834420427553 | 37 | 0x444f4f$ | 1592834420457552 | 1592834420398693 | 0 | 1592834420457552 | 37 | 0x444f41% | 1592834420398693 | 1592834420462518 | 37
$ | 1592834420487553 | 1592834420464297 | 0 | 1592834420487553 | 37 | 0x444f4b$ | 1592834420517552 | 1592834420464297 | 0 | 1592834420517553 | 37 | 0x444f4b% | 1592834420464297 | 1592834420528263 | 37
$ | 1592834420547555 | 1592834420529961 | 0 | 1592834420547555 | 37 | 0x444f4f$ | 1592834420577553 | 1592834420529961 | 0 | 1592834420577553 | 37 | 0x444f55% | 1592834420529961 | 1592834420593920 | 37
$ | 1592834420607553 | 1592834420595855 | 0 | 1592834420607553 | 37 | 0x444f4b$ | 1592834420637553 | 1592834420595855 | 0 | 1592834420637553 | 37 | 0x444f4b% | 1592834420595855 | 1592834420659650 | 37
$ | 1592834420667552 | 1592834420661532 | 0 | 1592834420667552 | 37 | 0x444f41$ | 1592834420697552 | 1592834420661532 | 0 | 1592834420697552 | 37 | 0x444f41% | 1592834420661532 | 1592834420725582 | 37
$ | 1592834420727548 | 1592834420727295 | 0 | 1592834420727549 | 37 | 0x444f41$ | 1592834420757551 | 1592834420727295 | 0 | 1592834420757552 | 37 | 0x444f41$ | 1592834420787553 | 1592834420727295 | 0 | 1592834420787553 | 37 | 0x444f26% | 1592834420727295 | 1592834420791203 | 37
$ | 1592834420817552 | 1592834420793136 | 0 | 1592834420817553 | 37 | 0x444f41$ | 1592834420847552 | 1592834420793136 | 0 | 1592834420847552 | 37 | 0x444f41% | 1592834420793136 | 1592834420857100 | 37
$ | 1592834420877553 | 1592834420858875 | 0 | 1592834420877553 | 37 | 0x444f4b$ | 1592834420907552 | 1592834420858875 | 0 | 1592834420907553 | 37 | 0x444f55% | 1592834420858875 | 1592834420922867 | 37
$ | 1592834420937553 | 1592834420924717 | 0 | 1592834420937553 | 37 | 0x444f4f$ | 1592834420967552 | 1592834420924717 | 0 | 1592834420967552 | 37 | 0x444f4b% | 1592834420924717 | 1592834420988666 | 37
$ | 1592834420997552 | 1592834420990585 | 0 | 1592834420997552 | 37 | 0x444f37$ | 1592834421027552 | 1592834420990585 | 0 | 1592834421027553 | 37 | 0x444f41% | 1592834420990585 | 1592834421054416 | 37
$ | 1592834421057551 | 1592834421056250 | 0 | 1592834421057551 | 37 | 0x444f1d$ | 1592834421087552 | 1592834421056250 | 0 | 1592834421087552 | 37 | 0x444f4b$ | 1592834421117552 | 1592834421056250 | 0 | 1592834421117553 | 37 | 0x444f4b% | 1592834421056250 | 1592834421120235 | 37
$ | 1592834421147553 | 1592834421121910 | 0 | 1592834421147553 | 37 | 0x444f37$ | 1592834421177552 | 1592834421121910 | 0 | 1592834421177552 | 37 | 0x444f4b% | 1592834421121910 | 1592834421185854 | 37
$ | 1592834421207553 | 1592834421187796 | 0 | 1592834421207553 | 37 | 0x444f20$ | 1592834421237553 | 1592834421187796 | 0 | 1592834421237553 | 37 | 0x444f30% | 1592834421187796 | 1592834421251649 | 37
$ | 1592834421267553 | 1592834421253479 | 0 | 1592834421267553 | 37 | 0x444f41$ | 1592834421297553 | 1592834421253479 | 0 | 1592834421297553 | 37 | 0x444f4b% | 1592834421253479 | 1592834421317492 | 37
$ | 1592834421327554 | 1592834421319229 | 0 | 1592834421327554 | 37 | 0x444f45$ | 1592834421357552 | 1592834421319229 | 0 | 1592834421357552 | 37 | 0x444f4b% | 1592834421319229 | 1592834421383176 | 37
$ | 1592834421387551 | 1592834421385128 | 0 | 1592834421387551 | 37 | 0x444f4b$ | 1592834421417552 | 1592834421385128 | 0 | 1592834421417552 | 37 | 0x444f4b$ | 1592834421447553 | 1592834421385128 | 0 | 1592834421447553 | 37 | 0x444f41% | 1592834421385128 | 1592834421449014 | 37
$ | 1592834421477552 | 1592834421450796 | 0 | 1592834421477553 | 37 | 0x444f55$ | 1592834421507552 | 1592834421450796 | 0 | 1592834421507552 | 37 | 0x444f55% | 1592834421450796 | 1592834421514777 | 37
$ | 1592834421537553 | 1592834421516565 | 0 | 1592834421537553 | 37 | 0x444f4b$ | 1592834421567553 | 1592834421516565 | 0 | 1592834421567554 | 37 | 0x444f41% | 1592834421516565 | 1592834421580465 | 37
$ | 1592834421597552 | 1592834421582414 | 0 | 1592834421597552 | 37 | 0x444f41$ | 1592834421627552 | 1592834421582414 | 0 | 1592834421627552 | 37 | 0x444f4b% | 1592834421582414 | 1592834421646232 | 37
$ | 1592834421657553 | 1592834421648096 | 0 | 1592834421657553 | 37 | 0x444f4b$ | 1592834421687551 | 1592834421648096 | 0 | 1592834421687552 | 37 | 0x444f41% | 1592834421648096 | 1592834421712092 | 37
$ | 1592834421717552 | 1592834421713772 | 0 | 1592834421717553 | 37 | 0x444f4b$ | 1592834421747552 | 1592834421713772 | 0 | 1592834421747552 | 37 | 0x444f55$ | 1592834421777552 | 1592834421713772 | 0 | 1592834421777552 | 37 | 0x444f4b% | 1592834421713772 | 1592834421777689 | 37
$ | 1592834421807553 | 1592834421779600 | 0 | 1592834421807553 | 37 | 0x444f4b$ | 1592834421837552 | 1592834421779600 | 0 | 1592834421837552 | 37 | 0x444f4b% | 1592834421779600 | 1592834421843386 | 37
$ | 1592834421867554 | 1592834421845228 | 0 | 1592834421867554 | 37 | 0x444f4b$ | 1592834421897553 | 1592834421845228 | 0 | 1592834421897554 | 37 | 0x444f4b% | 1592834421845228 | 1592834421909251 | 37
$ | 1592834421927553 | 1592834421910962 | 0 | 1592834421927553 | 37 | 0x444f26$ | 1592834421957553 | 1592834421910962 | 0 | 1592834421957553 | 37 | 0x444f37% | 1592834421910962 | 1592834421974926 | 37
$ | 1592834421987553 | 1592834421976846 | 0 | 1592834421987554 | 37 | 0x444f30$ | 1592834422017553 | 1592834421976846 | 0 | 1592834422017553 | 37 | 0x444f26% | 1592834421976846 | 1592834422040726 | 37
$ | 1592834422047552 | 1592834422042496 | 0 | 1592834422047553 | 37 | 0x444f4f$ | 1592834422077553 | 1592834422042496 | 0 | 1592834422077553 | 37 | 0x444f37% | 1592834422042496 | 1592834422106522 | 37
$ | 1592834422107549 | 1592834422106603 | 0 | 1592834422107549 | 26 | 0x7f8f79cad591% | 1592834422106603 | 1592834422107579 | 26
$ | 1592834422137554 | 1592834422108240 | 0 | 1592834422137554 | 37 | 0x444f58$ | 1592834422167551 | 1592834422108240 | 0 | 1592834422167551 | 37 | 0x444f4b% | 1592834422108240 | 1592834422172152 | 37
$ | 1592834422197552 | 1592834422174133 | 0 | 1592834422197552 | 37 | 0x444f4b$ | 1592834422227552 | 1592834422174133 | 0 | 1592834422227552 | 37 | 0x444f41% | 1592834422174133 | 1592834422237997 | 37
$ | 1592834422257554 | 1592834422239790 | 0 | 1592834422257554 | 37 | 0x444f30$ | 1592834422287553 | 1592834422239790 | 0 | 1592834422287553 | 37 | 0x444f45% | 1592834422239790 | 1592834422303819 | 37
$ | 1592834422317554 | 1592834422305528 | 0 | 1592834422317554 | 37 | 0x444f4f$ | 1592834422347553 | 1592834422305528 | 0 | 1592834422347553 | 37 | 0x444f41% | 1592834422305528 | 1592834422369505 | 37
$ | 1592834422377553 | 1592834422371373 | 0 | 1592834422377553 | 37 | 0x444f4b$ | 1592834422407552 | 1592834422371373 | 0 | 1592834422407553 | 37 | 0x444f45% | 1592834422371373 | 1592834422435227 | 37
$ | 1592834422437551 | 1592834422436978 | 0 | 1592834422437552 | 37 | 0x444f41$ | 1592834422467552 | 1592834422436978 | 0 | 1592834422467553 | 37 | 0x444f4b$ | 1592834422497552 | 1592834422436978 | 0 | 1592834422497552 | 37 | 0x444f45% | 1592834422436978 | 1592834422500999 | 37
$ | 1592834422527554 | 1592834422502659 | 0 | 1592834422527554 | 37 | 0x444f4b$ | 1592834422557553 | 1592834422502659 | 0 | 1592834422557553 | 37 | 0x444f4b% | 1592834422502659 | 1592834422566595 | 37
$ | 1592834422587552 | 1592834422568577 | 0 | 1592834422587552 | 37 | 0x444f4f$ | 1592834422617552 | 1592834422568577 | 0 | 1592834422617552 | 37 | 0x444f41% | 1592834422568577 | 1592834422632420 | 37
# exe: /lustrehome/home/s.engkadac/profiling/wave2d/tau/ex05-with-taucompilers-tracing/wave2d
# node: 1
# thread: 0
