# Format version: 0.2
# $ | <timestamp> | <delta-begin> | <delta-end> | <metric 1> ... <metric N> | <tau callpath> | <location> [ PC callstack ]
# % | <delta-begin metric 1> ... <delta-begin metric N> | <delta-end metric 1> ... <delta-end metric N> | <tau callpath>
# Metrics: TIME
$ | 1592834415955437 | 1592834415929515 | 0 | 1592834415955438 | 15 | 0x4450a8$ | 1592834415985436 | 1592834415929515 | 0 | 1592834415985437 | 15 | 0x4450d0$ | 1592834416015428 | 1592834415987679 | 0 | 1592834416015428 | 18 | 0x445238$ | 1592834416045424 | 1592834415987679 | 0 | 1592834416045424 | 18 | 0x44522d$ | 1592834416075425 | 1592834415987679 | 0 | 1592834416075425 | 18 | 0x44523c% | 1592834415987679 | 1592834416099637 | 18
% | 1592834415929515 | 1592834416099639 | 15
$ | 1592834416105432 | 1592834416104947 | 0 | 1592834416105432 | 37 | 0x444f41$ | 1592834416135440 | 1592834416104947 | 0 | 1592834416135441 | 37 | 0x444f4b$ | 1592834416165433 | 1592834416104947 | 0 | 1592834416165433 | 37 | 0x444f41% | 1592834416104947 | 1592834416169460 | 37
$ | 1592834416195442 | 1592834416170585 | 0 | 1592834416195442 | 37 | 0x444f37$ | 1592834416225441 | 1592834416170585 | 0 | 1592834416225442 | 37 | 0x444f4b% | 1592834416170585 | 1592834416234719 | 37
$ | 1592834416255442 | 1592834416234922 | 0 | 1592834416255443 | 37 | 0x444f55$ | 1592834416285440 | 1592834416234922 | 0 | 1592834416285441 | 37 | 0x444f4b% | 1592834416234922 | 1592834416299275 | 37
$ | 1592834416315440 | 1592834416299449 | 0 | 1592834416315441 | 37 | 0x444f41$ | 1592834416345437 | 1592834416299449 | 0 | 1592834416345437 | 37 | 0x444f45% | 1592834416299449 | 1592834416363549 | 37
$ | 1592834416375440 | 1592834416363717 | 0 | 1592834416375440 | 37 | 0x444f4b$ | 1592834416405441 | 1592834416363717 | 0 | 1592834416405441 | 37 | 0x444f45% | 1592834416363717 | 1592834416427820 | 37
$ | 1592834416435439 | 1592834416428007 | 0 | 1592834416435440 | 37 | 0x444f4b$ | 1592834416465440 | 1592834416428007 | 0 | 1592834416465440 | 37 | 0x444f4b% | 1592834416428007 | 1592834416492288 | 37
$ | 1592834416495436 | 1592834416492464 | 0 | 1592834416495436 | 37 | 0x444f26$ | 1592834416525439 | 1592834416492464 | 0 | 1592834416525440 | 37 | 0x444f45$ | 1592834416555440 | 1592834416492464 | 0 | 1592834416555440 | 37 | 0x444f4b% | 1592834416492464 | 1592834416556492 | 37
$ | 1592834416585442 | 1592834416556690 | 0 | 1592834416585443 | 37 | 0x444f26$ | 1592834416615439 | 1592834416556690 | 0 | 1592834416615439 | 37 | 0x444f37% | 1592834416556690 | 1592834416620787 | 37
$ | 1592834416645442 | 1592834416620983 | 0 | 1592834416645442 | 37 | 0x444f4b$ | 1592834416675440 | 1592834416620983 | 0 | 1592834416675440 | 37 | 0x444f41% | 1592834416620983 | 1592834416685276 | 37
$ | 1592834416705442 | 1592834416685450 | 0 | 1592834416705442 | 37 | 0x444f26$ | 1592834416735440 | 1592834416685450 | 0 | 1592834416735441 | 37 | 0x444f41% | 1592834416685450 | 1592834416749572 | 37
$ | 1592834416765440 | 1592834416749745 | 0 | 1592834416765440 | 37 | 0x444f4b$ | 1592834416795440 | 1592834416749745 | 0 | 1592834416795441 | 37 | 0x444f4b% | 1592834416749745 | 1592834416813876 | 37
$ | 1592834416825440 | 1592834416814045 | 0 | 1592834416825440 | 37 | 0x444f4b$ | 1592834416855439 | 1592834416814045 | 0 | 1592834416855440 | 37 | 0x444f41% | 1592834416814045 | 1592834416878346 | 37
$ | 1592834416885437 | 1592834416878517 | 0 | 1592834416885437 | 37 | 0x444f4b$ | 1592834416915440 | 1592834416878517 | 0 | 1592834416915440 | 37 | 0x444f4f% | 1592834416878517 | 1592834416942544 | 37
$ | 1592834416945435 | 1592834416942729 | 0 | 1592834416945435 | 37 | 0x444f4b$ | 1592834416975440 | 1592834416942729 | 0 | 1592834416975440 | 37 | 0x444f4b$ | 1592834417005439 | 1592834416942729 | 0 | 1592834417005440 | 37 | 0x444f4b% | 1592834416942729 | 1592834417006903 | 37
$ | 1592834417035442 | 1592834417007075 | 0 | 1592834417035443 | 37 | 0x444f41$ | 1592834417065439 | 1592834417007075 | 0 | 1592834417065439 | 37 | 0x444f41% | 1592834417007075 | 1592834417071360 | 37
$ | 1592834417095441 | 1592834417071534 | 0 | 1592834417095442 | 37 | 0x444f37$ | 1592834417125439 | 1592834417071534 | 0 | 1592834417125439 | 37 | 0x444f41% | 1592834417071534 | 1592834417135637 | 37
$ | 1592834417155443 | 1592834417135812 | 0 | 1592834417155443 | 37 | 0x444f4b$ | 1592834417185440 | 1592834417135812 | 0 | 1592834417185440 | 37 | 0x444f41% | 1592834417135812 | 1592834417199994 | 37
$ | 1592834417215439 | 1592834417200171 | 0 | 1592834417215439 | 37 | 0x444f45$ | 1592834417245438 | 1592834417200171 | 0 | 1592834417245439 | 37 | 0x444f55% | 1592834417200171 | 1592834417264424 | 37
$ | 1592834417275440 | 1592834417264597 | 0 | 1592834417275440 | 37 | 0x444f41$ | 1592834417305441 | 1592834417264597 | 0 | 1592834417305441 | 37 | 0x444f41% | 1592834417264597 | 1592834417328680 | 37
$ | 1592834417335437 | 1592834417328852 | 0 | 1592834417335438 | 37 | 0x444f4b$ | 1592834417365440 | 1592834417328852 | 0 | 1592834417365440 | 37 | 0x444f30% | 1592834417328852 | 1592834417392947 | 37
$ | 1592834417395436 | 1592834417393119 | 0 | 1592834417395437 | 37 | 0x444f4f$ | 1592834417425438 | 1592834417393119 | 0 | 1592834417425439 | 37 | 0x444f41$ | 1592834417455440 | 1592834417393119 | 0 | 1592834417455441 | 37 | 0x444f55% | 1592834417393119 | 1592834417457439 | 37
$ | 1592834417485441 | 1592834417457607 | 0 | 1592834417485441 | 37 | 0x444f4b$ | 1592834417515439 | 1592834417457607 | 0 | 1592834417515440 | 37 | 0x444f55% | 1592834417457607 | 1592834417521706 | 37
$ | 1592834417545442 | 1592834417521871 | 0 | 1592834417545442 | 37 | 0x444f45$ | 1592834417575440 | 1592834417521871 | 0 | 1592834417575441 | 37 | 0x444f55% | 1592834417521871 | 1592834417586016 | 37
$ | 1592834417605440 | 1592834417586181 | 0 | 1592834417605440 | 37 | 0x444f4b$ | 1592834417635439 | 1592834417586181 | 0 | 1592834417635439 | 37 | 0x444f41% | 1592834417586181 | 1592834417650441 | 37
$ | 1592834417665439 | 1592834417650612 | 0 | 1592834417665440 | 37 | 0x444f41$ | 1592834417695441 | 1592834417650612 | 0 | 1592834417695441 | 37 | 0x444f4b% | 1592834417650612 | 1592834417714738 | 37
$ | 1592834417725438 | 1592834417714908 | 0 | 1592834417725439 | 37 | 0x444f41$ | 1592834417755440 | 1592834417714908 | 0 | 1592834417755441 | 37 | 0x444f4b% | 1592834417714908 | 1592834417779030 | 37
$ | 1592834417785436 | 1592834417779200 | 0 | 1592834417785436 | 37 | 0x444f45$ | 1592834417815440 | 1592834417779200 | 0 | 1592834417815440 | 37 | 0x444f4b% | 1592834417779200 | 1592834417843454 | 37
$ | 1592834417845435 | 1592834417843626 | 0 | 1592834417845435 | 37 | 0x444f4f$ | 1592834417875439 | 1592834417843626 | 0 | 1592834417875440 | 37 | 0x444f37$ | 1592834417905438 | 1592834417843626 | 0 | 1592834417905438 | 37 | 0x444f4b% | 1592834417843626 | 1592834417907724 | 37
$ | 1592834417935442 | 1592834417907895 | 0 | 1592834417935442 | 37 | 0x444f4b$ | 1592834417965440 | 1592834417907895 | 0 | 1592834417965440 | 37 | 0x444f41% | 1592834417907895 | 1592834417972022 | 37
$ | 1592834417995442 | 1592834417972190 | 0 | 1592834417995443 | 37 | 0x444f41$ | 1592834418025439 | 1592834417972190 | 0 | 1592834418025439 | 37 | 0x444f55% | 1592834417972190 | 1592834418036459 | 37
$ | 1592834418055442 | 1592834418036634 | 0 | 1592834418055442 | 37 | 0x444f41$ | 1592834418085439 | 1592834418036634 | 0 | 1592834418085439 | 37 | 0x444f41% | 1592834418036634 | 1592834418100744 | 37
$ | 1592834418115439 | 1592834418100912 | 0 | 1592834418115439 | 37 | 0x444f41$ | 1592834418145440 | 1592834418100912 | 0 | 1592834418145440 | 37 | 0x444f41% | 1592834418100912 | 1592834418165069 | 37
$ | 1592834418175437 | 1592834418165249 | 0 | 1592834418175437 | 37 | 0x444f26$ | 1592834418205438 | 1592834418165249 | 0 | 1592834418205439 | 37 | 0x444f4b% | 1592834418165249 | 1592834418229512 | 37
$ | 1592834418235438 | 1592834418229679 | 0 | 1592834418235438 | 37 | 0x444f41$ | 1592834418265438 | 1592834418229679 | 0 | 1592834418265439 | 37 | 0x444f4b% | 1592834418229679 | 1592834418293780 | 37
$ | 1592834418295436 | 1592834418293952 | 0 | 1592834418295436 | 37 | 0x444f4b$ | 1592834418325439 | 1592834418293952 | 0 | 1592834418325440 | 37 | 0x444f41$ | 1592834418355435 | 1592834418293952 | 0 | 1592834418355436 | 37 | 0x444f37% | 1592834418293952 | 1592834418359106 | 37
$ | 1592834418385444 | 1592834418359813 | 0 | 1592834418385444 | 37 | 0x444f4b$ | 1592834418415438 | 1592834418359813 | 0 | 1592834418415439 | 37 | 0x444f41% | 1592834418359813 | 1592834418424166 | 37
$ | 1592834418445444 | 1592834418425637 | 0 | 1592834418445444 | 37 | 0x444f4f$ | 1592834418475439 | 1592834418425637 | 0 | 1592834418475439 | 37 | 0x444f4f% | 1592834418425637 | 1592834418489740 | 37
$ | 1592834418505441 | 1592834418491289 | 0 | 1592834418505441 | 37 | 0x444f37$ | 1592834418535439 | 1592834418491289 | 0 | 1592834418535439 | 37 | 0x444f55% | 1592834418491289 | 1592834418555430 | 37
$ | 1592834418565439 | 1592834418557032 | 0 | 1592834418565439 | 37 | 0x444f4f$ | 1592834418595438 | 1592834418557032 | 0 | 1592834418595439 | 37 | 0x444f55% | 1592834418557032 | 1592834418621289 | 37
$ | 1592834418625436 | 1592834418622879 | 0 | 1592834418625437 | 37 | 0x444f45$ | 1592834418655439 | 1592834418622879 | 0 | 1592834418655440 | 37 | 0x444f4b$ | 1592834418685439 | 1592834418622879 | 0 | 1592834418685439 | 37 | 0x444f41% | 1592834418622879 | 1592834418686934 | 37
$ | 1592834418715442 | 1592834418688554 | 0 | 1592834418715442 | 37 | 0x444f55$ | 1592834418745439 | 1592834418688554 | 0 | 1592834418745439 | 37 | 0x444f55% | 1592834418688554 | 1592834418752662 | 37
$ | 1592834418775443 | 1592834418754265 | 0 | 1592834418775443 | 37 | 0x444f41$ | 1592834418805439 | 1592834418754265 | 0 | 1592834418805439 | 37 | 0x444f4b% | 1592834418754265 | 1592834418818594 | 37
$ | 1592834418835438 | 1592834418820146 | 0 | 1592834418835438 | 37 | 0x444f30$ | 1592834418865439 | 1592834418820146 | 0 | 1592834418865439 | 37 | 0x444f4b% | 1592834418820146 | 1592834418884261 | 37
$ | 1592834418895438 | 1592834418885824 | 0 | 1592834418895439 | 37 | 0x444f41$ | 1592834418925439 | 1592834418885824 | 0 | 1592834418925440 | 37 | 0x444f4b% | 1592834418885824 | 1592834418949979 | 37
$ | 1592834418955436 | 1592834418951512 | 0 | 1592834418955436 | 37 | 0x444f30$ | 1592834418985440 | 1592834418951512 | 0 | 1592834418985440 | 37 | 0x444f41$ | 1592834419015436 | 1592834418951512 | 0 | 1592834419015436 | 37 | 0x444f41% | 1592834418951512 | 1592834419015821 | 37
$ | 1592834419045442 | 1592834419017385 | 0 | 1592834419045442 | 37 | 0x444f4b$ | 1592834419075440 | 1592834419017385 | 0 | 1592834419075440 | 37 | 0x444f4f% | 1592834419017385 | 1592834419081478 | 37
$ | 1592834419105442 | 1592834419083047 | 0 | 1592834419105442 | 37 | 0x444f55$ | 1592834419135441 | 1592834419083047 | 0 | 1592834419135441 | 37 | 0x444f4b% | 1592834419083047 | 1592834419147200 | 37
$ | 1592834419165434 | 1592834419148747 | 0 | 1592834419165435 | 37 | 0x444f4b$ | 1592834419195439 | 1592834419148747 | 0 | 1592834419195439 | 37 | 0x444f55% | 1592834419148747 | 1592834419213047 | 37
$ | 1592834419225439 | 1592834419214714 | 0 | 1592834419225440 | 37 | 0x444f55$ | 1592834419255439 | 1592834419214714 | 0 | 1592834419255439 | 37 | 0x444f41% | 1592834419214714 | 1592834419278821 | 37
$ | 1592834419285436 | 1592834419280394 | 0 | 1592834419285436 | 37 | 0x444f41$ | 1592834419315440 | 1592834419280394 | 0 | 1592834419315440 | 37 | 0x444f41% | 1592834419280394 | 1592834419344490 | 37
$ | 1592834419345433 | 1592834419345083 | 0 | 1592834419345433 | 26 | 0x7f055082b5e3% | 1592834419345083 | 1592834419345597 | 26
$ | 1592834419375441 | 1592834419346066 | 0 | 1592834419375441 | 37 | 0x444f4b$ | 1592834419405439 | 1592834419346066 | 0 | 1592834419405440 | 37 | 0x444f4b% | 1592834419346066 | 1592834419410362 | 37
$ | 1592834419435441 | 1592834419411955 | 0 | 1592834419435441 | 37 | 0x444f41$ | 1592834419465439 | 1592834419411955 | 0 | 1592834419465439 | 37 | 0x444f4b% | 1592834419411955 | 1592834419476017 | 37
$ | 1592834419495441 | 1592834419477588 | 0 | 1592834419495442 | 37 | 0x444f41$ | 1592834419525440 | 1592834419477588 | 0 | 1592834419525440 | 37 | 0x444f41% | 1592834419477588 | 1592834419541716 | 37
$ | 1592834419555440 | 1592834419543319 | 0 | 1592834419555441 | 37 | 0x444f4b$ | 1592834419585439 | 1592834419543319 | 0 | 1592834419585439 | 37 | 0x444f4b% | 1592834419543319 | 1592834419607650 | 37
$ | 1592834419615437 | 1592834419609206 | 0 | 1592834419615438 | 37 | 0x444f4f$ | 1592834419645440 | 1592834419609206 | 0 | 1592834419645441 | 37 | 0x444f4b% | 1592834419609206 | 1592834419673240 | 37
$ | 1592834419675434 | 1592834419675074 | 0 | 1592834419675435 | 37 | 0x444f26$ | 1592834419705439 | 1592834419675074 | 0 | 1592834419705440 | 37 | 0x444f41$ | 1592834419735439 | 1592834419675074 | 0 | 1592834419735439 | 37 | 0x444f4b% | 1592834419675074 | 1592834419739176 | 37
$ | 1592834419765441 | 1592834419740794 | 0 | 1592834419765441 | 37 | 0x444f41$ | 1592834419795439 | 1592834419740794 | 0 | 1592834419795439 | 37 | 0x444f26% | 1592834419740794 | 1592834419805063 | 37
$ | 1592834419825440 | 1592834419806692 | 0 | 1592834419825440 | 37 | 0x444f4b$ | 1592834419855439 | 1592834419806692 | 0 | 1592834419855440 | 37 | 0x444f4b% | 1592834419806692 | 1592834419870770 | 37
$ | 1592834419885438 | 1592834419872417 | 0 | 1592834419885438 | 37 | 0x444f4b$ | 1592834419915439 | 1592834419872417 | 0 | 1592834419915439 | 37 | 0x444f4b% | 1592834419872417 | 1592834419936520 | 37
$ | 1592834419945438 | 1592834419938118 | 0 | 1592834419945439 | 37 | 0x444f41$ | 1592834419975439 | 1592834419938118 | 0 | 1592834419975439 | 37 | 0x444f41% | 1592834419938118 | 1592834420002398 | 37
$ | 1592834420005435 | 1592834420004005 | 0 | 1592834420005435 | 37 | 0x444f4f$ | 1592834420035439 | 1592834420004005 | 0 | 1592834420035439 | 37 | 0x444f4b$ | 1592834420065438 | 1592834420004005 | 0 | 1592834420065439 | 37 | 0x444f26% | 1592834420004005 | 1592834420068131 | 37
$ | 1592834420095438 | 1592834420069678 | 0 | 1592834420095438 | 37 | 0x444f41$ | 1592834420125439 | 1592834420069678 | 0 | 1592834420125439 | 37 | 0x444f4b% | 1592834420069678 | 1592834420133824 | 37
$ | 1592834420155441 | 1592834420135373 | 0 | 1592834420155441 | 37 | 0x444f4b$ | 1592834420185438 | 1592834420135373 | 0 | 1592834420185439 | 37 | 0x444f41% | 1592834420135373 | 1592834420199678 | 37
$ | 1592834420215440 | 1592834420201401 | 0 | 1592834420215440 | 37 | 0x444f4b$ | 1592834420245437 | 1592834420201401 | 0 | 1592834420245438 | 37 | 0x444f4b% | 1592834420201401 | 1592834420265469 | 37
$ | 1592834420275437 | 1592834420267105 | 0 | 1592834420275437 | 37 | 0x444f4b$ | 1592834420305439 | 1592834420267105 | 0 | 1592834420305439 | 37 | 0x444f37% | 1592834420267105 | 1592834420331278 | 37
$ | 1592834420335436 | 1592834420332789 | 0 | 1592834420335436 | 37 | 0x444f4b$ | 1592834420365441 | 1592834420332789 | 0 | 1592834420365441 | 37 | 0x444f4b$ | 1592834420395440 | 1592834420332789 | 0 | 1592834420395440 | 37 | 0x444f4b% | 1592834420332789 | 1592834420397034 | 37
$ | 1592834420425442 | 1592834420398648 | 0 | 1592834420425442 | 37 | 0x444f4b$ | 1592834420455439 | 1592834420398648 | 0 | 1592834420455439 | 37 | 0x444f4b% | 1592834420398648 | 1592834420462738 | 37
$ | 1592834420485441 | 1592834420464253 | 0 | 1592834420485441 | 37 | 0x444f41$ | 1592834420515440 | 1592834420464253 | 0 | 1592834420515440 | 37 | 0x444f41% | 1592834420464253 | 1592834420528403 | 37
$ | 1592834420545441 | 1592834420529916 | 0 | 1592834420545441 | 37 | 0x444f26$ | 1592834420575438 | 1592834420529916 | 0 | 1592834420575439 | 37 | 0x444f4f% | 1592834420529916 | 1592834420594198 | 37
$ | 1592834420605438 | 1592834420595808 | 0 | 1592834420605438 | 37 | 0x444f45$ | 1592834420635439 | 1592834420595808 | 0 | 1592834420635439 | 37 | 0x444f4b% | 1592834420595808 | 1592834420659885 | 37
$ | 1592834420665436 | 1592834420661483 | 0 | 1592834420665437 | 37 | 0x444f4f$ | 1592834420695440 | 1592834420661483 | 0 | 1592834420695440 | 37 | 0x444f4b$ | 1592834420725437 | 1592834420661483 | 0 | 1592834420725437 | 37 | 0x444f4b% | 1592834420661483 | 1592834420725598 | 37
$ | 1592834420755440 | 1592834420727254 | 0 | 1592834420755440 | 37 | 0x444f4b$ | 1592834420785441 | 1592834420727254 | 0 | 1592834420785441 | 37 | 0x444f4b% | 1592834420727254 | 1592834420791508 | 37
$ | 1592834420815442 | 1592834420793094 | 0 | 1592834420815442 | 37 | 0x444f4b$ | 1592834420845440 | 1592834420793094 | 0 | 1592834420845440 | 37 | 0x444f55% | 1592834420793094 | 1592834420857298 | 37
$ | 1592834420875443 | 1592834420858833 | 0 | 1592834420875444 | 37 | 0x444f20$ | 1592834420905437 | 1592834420858833 | 0 | 1592834420905437 | 37 | 0x444f37% | 1592834420858833 | 1592834420922925 | 37
$ | 1592834420935441 | 1592834420924672 | 0 | 1592834420935441 | 37 | 0x444f55$ | 1592834420965439 | 1592834420924672 | 0 | 1592834420965439 | 37 | 0x444f41% | 1592834420924672 | 1592834420988960 | 37
$ | 1592834420995436 | 1592834420990538 | 0 | 1592834420995437 | 37 | 0x444f4b$ | 1592834421025439 | 1592834420990538 | 0 | 1592834421025439 | 37 | 0x444f4b% | 1592834420990538 | 1592834421054612 | 37
$ | 1592834421055432 | 1592834421055067 | 0 | 1592834421055432 | 26 | 0x7f055d8284a8% | 1592834421055067 | 1592834421055716 | 26
$ | 1592834421085442 | 1592834421056208 | 0 | 1592834421085442 | 37 | 0x444f26$ | 1592834421115439 | 1592834421056208 | 0 | 1592834421115439 | 37 | 0x444f4b% | 1592834421056208 | 1592834421120336 | 37
$ | 1592834421145442 | 1592834421121872 | 0 | 1592834421145442 | 37 | 0x444f41$ | 1592834421175436 | 1592834421121872 | 0 | 1592834421175436 | 37 | 0x444f4b% | 1592834421121872 | 1592834421186212 | 37
$ | 1592834421205441 | 1592834421187746 | 0 | 1592834421205441 | 37 | 0x444f4b$ | 1592834421235439 | 1592834421187746 | 0 | 1592834421235440 | 37 | 0x444f2c% | 1592834421187746 | 1592834421251825 | 37
$ | 1592834421265440 | 1592834421253438 | 0 | 1592834421265440 | 37 | 0x444f41$ | 1592834421295439 | 1592834421253438 | 0 | 1592834421295439 | 37 | 0x444f41% | 1592834421253438 | 1592834421317530 | 37
$ | 1592834421325437 | 1592834421319183 | 0 | 1592834421325438 | 37 | 0x444f4b$ | 1592834421355439 | 1592834421319183 | 0 | 1592834421355439 | 37 | 0x444f4b% | 1592834421319183 | 1592834421383429 | 37
$ | 1592834421385435 | 1592834421385077 | 0 | 1592834421385436 | 37 | 0x444f55$ | 1592834421415439 | 1592834421385077 | 0 | 1592834421415440 | 37 | 0x444f4b$ | 1592834421445440 | 1592834421385077 | 0 | 1592834421445440 | 37 | 0x444f4b% | 1592834421385077 | 1592834421449196 | 37
$ | 1592834421475441 | 1592834421450752 | 0 | 1592834421475441 | 37 | 0x444f41$ | 1592834421505439 | 1592834421450752 | 0 | 1592834421505439 | 37 | 0x444f26% | 1592834421450752 | 1592834421514869 | 37
$ | 1592834421535441 | 1592834421516521 | 0 | 1592834421535442 | 37 | 0x444f4b$ | 1592834421565439 | 1592834421516521 | 0 | 1592834421565439 | 37 | 0x444f4f% | 1592834421516521 | 1592834421580839 | 37
$ | 1592834421595440 | 1592834421582374 | 0 | 1592834421595440 | 37 | 0x444f4b$ | 1592834421625440 | 1592834421582374 | 0 | 1592834421625440 | 37 | 0x444f4b% | 1592834421582374 | 1592834421646496 | 37
$ | 1592834421655437 | 1592834421648058 | 0 | 1592834421655437 | 37 | 0x444f4f$ | 1592834421685441 | 1592834421648058 | 0 | 1592834421685441 | 37 | 0x444f41% | 1592834421648058 | 1592834421712168 | 37
$ | 1592834421715436 | 1592834421713727 | 0 | 1592834421715436 | 37 | 0x444f30$ | 1592834421745439 | 1592834421713727 | 0 | 1592834421745440 | 37 | 0x444f26$ | 1592834421775439 | 1592834421713727 | 0 | 1592834421775440 | 37 | 0x444f41% | 1592834421713727 | 1592834421778039 | 37
$ | 1592834421805442 | 1592834421779547 | 0 | 1592834421805442 | 37 | 0x444f4b$ | 1592834421835441 | 1592834421779547 | 0 | 1592834421835441 | 37 | 0x444f4b% | 1592834421779547 | 1592834421843643 | 37
$ | 1592834421865442 | 1592834421845187 | 0 | 1592834421865443 | 37 | 0x444f4b$ | 1592834421895437 | 1592834421845187 | 0 | 1592834421895437 | 37 | 0x444f4b% | 1592834421845187 | 1592834421909322 | 37
$ | 1592834421925441 | 1592834421910919 | 0 | 1592834421925441 | 37 | 0x444f41$ | 1592834421955440 | 1592834421910919 | 0 | 1592834421955441 | 37 | 0x444f4b% | 1592834421910919 | 1592834421975241 | 37
$ | 1592834421985438 | 1592834421976801 | 0 | 1592834421985438 | 37 | 0x444f45$ | 1592834422015440 | 1592834421976801 | 0 | 1592834422015440 | 37 | 0x444f4b% | 1592834421976801 | 1592834422040911 | 37
$ | 1592834422045436 | 1592834422042456 | 0 | 1592834422045436 | 37 | 0x444f41$ | 1592834422075439 | 1592834422042456 | 0 | 1592834422075440 | 37 | 0x444f41$ | 1592834422105440 | 1592834422042456 | 0 | 1592834422105441 | 37 | 0x444f41% | 1592834422042456 | 1592834422106571 | 37
$ | 1592834422135441 | 1592834422108191 | 0 | 1592834422135441 | 37 | 0x444f55$ | 1592834422165462 | 1592834422108191 | 0 | 1592834422165462 | 37 | 0x444f41% | 1592834422108191 | 1592834422172470 | 37
$ | 1592834422195442 | 1592834422174083 | 0 | 1592834422195442 | 37 | 0x444f4b$ | 1592834422225440 | 1592834422174083 | 0 | 1592834422225440 | 37 | 0x444f37% | 1592834422174083 | 1592834422238191 | 37
$ | 1592834422255442 | 1592834422239747 | 0 | 1592834422255442 | 37 | 0x444f4f$ | 1592834422285440 | 1592834422239747 | 0 | 1592834422285440 | 37 | 0x444f4b% | 1592834422239747 | 1592834422303867 | 37
$ | 1592834422315439 | 1592834422305480 | 0 | 1592834422315439 | 37 | 0x444f4b$ | 1592834422345440 | 1592834422305480 | 0 | 1592834422345440 | 37 | 0x444f4b% | 1592834422305480 | 1592834422369788 | 37
$ | 1592834422375436 | 1592834422371325 | 0 | 1592834422375436 | 37 | 0x444f4b$ | 1592834422405440 | 1592834422371325 | 0 | 1592834422405440 | 37 | 0x444f41$ | 1592834422435434 | 1592834422371325 | 0 | 1592834422435434 | 37 | 0x444f4b% | 1592834422371325 | 1592834422435458 | 37
$ | 1592834422465441 | 1592834422436947 | 0 | 1592834422465442 | 37 | 0x444f4b$ | 1592834422495440 | 1592834422436947 | 0 | 1592834422495441 | 37 | 0x444f55% | 1592834422436947 | 1592834422501055 | 37
$ | 1592834422525442 | 1592834422502616 | 0 | 1592834422525442 | 37 | 0x444f4b$ | 1592834422555440 | 1592834422502616 | 0 | 1592834422555440 | 37 | 0x444f4b% | 1592834422502616 | 1592834422566934 | 37
$ | 1592834422585437 | 1592834422568528 | 0 | 1592834422585437 | 37 | 0x444f4b$ | 1592834422615441 | 1592834422568528 | 0 | 1592834422615441 | 37 | 0x444f4b% | 1592834422568528 | 1592834422632624 | 37
# exe: /lustrehome/home/s.engkadac/profiling/wave2d/tau/ex05-with-taucompilers-tracing/wave2d
# node: 5
# thread: 0
