# Format version: 0.2
# $ | <timestamp> | <delta-begin> | <delta-end> | <metric 1> ... <metric N> | <tau callpath> | <location> [ PC callstack ]
# % | <delta-begin metric 1> ... <delta-begin metric N> | <delta-end metric 1> ... <delta-end metric N> | <tau callpath>
# Metrics: TIME
$ | 1592834415956969 | 1592834415929493 | 0 | 1592834415956969 | 15 | 0x4450a8$ | 1592834415986968 | 1592834415929493 | 0 | 1592834415986968 | 15 | 0x4450d0$ | 1592834416016963 | 1592834415989031 | 0 | 1592834416016963 | 18 | 0x44523c$ | 1592834416046962 | 1592834415989031 | 0 | 1592834416046962 | 18 | 0x44523c$ | 1592834416076961 | 1592834415989031 | 0 | 1592834416076961 | 18 | 0x44523c% | 1592834415989031 | 1592834416104373 | 18
% | 1592834415929493 | 1592834416104374 | 15
$ | 1592834416106968 | 1592834416104867 | 0 | 1592834416106969 | 37 | 0x444f41$ | 1592834416136970 | 1592834416104867 | 0 | 1592834416136970 | 37 | 0x444f4b$ | 1592834416166969 | 1592834416104867 | 0 | 1592834416166969 | 37 | 0x444f55% | 1592834416104867 | 1592834416170007 | 37
$ | 1592834416196970 | 1592834416170573 | 0 | 1592834416196970 | 37 | 0x444f4b$ | 1592834416226970 | 1592834416170573 | 0 | 1592834416226970 | 37 | 0x444f41% | 1592834416170573 | 1592834416234028 | 37
$ | 1592834416256970 | 1592834416234899 | 0 | 1592834416256970 | 37 | 0x444f41$ | 1592834416286969 | 1592834416234899 | 0 | 1592834416286969 | 37 | 0x444f4b% | 1592834416234899 | 1592834416298482 | 37
$ | 1592834416316970 | 1592834416299423 | 0 | 1592834416316970 | 37 | 0x444f41$ | 1592834416346969 | 1592834416299423 | 0 | 1592834416346969 | 37 | 0x444f41% | 1592834416299423 | 1592834416362857 | 37
$ | 1592834416376970 | 1592834416363690 | 0 | 1592834416376970 | 37 | 0x444f4f$ | 1592834416406969 | 1592834416363690 | 0 | 1592834416406969 | 37 | 0x444f41% | 1592834416363690 | 1592834416427230 | 37
$ | 1592834416436969 | 1592834416427976 | 0 | 1592834416436970 | 37 | 0x444f41$ | 1592834416466968 | 1592834416427976 | 0 | 1592834416466969 | 37 | 0x444f41% | 1592834416427976 | 1592834416491621 | 37
$ | 1592834416496970 | 1592834416492441 | 0 | 1592834416496970 | 37 | 0x444f4f$ | 1592834416526969 | 1592834416492441 | 0 | 1592834416526969 | 37 | 0x444f4b% | 1592834416492441 | 1592834416555849 | 37
$ | 1592834416556968 | 1592834416556662 | 0 | 1592834416556968 | 37 | 0x444f37$ | 1592834416586969 | 1592834416556662 | 0 | 1592834416586969 | 37 | 0x444f55$ | 1592834416616968 | 1592834416556662 | 0 | 1592834416616968 | 37 | 0x444f37% | 1592834416556662 | 1592834416620144 | 37
$ | 1592834416646969 | 1592834416620956 | 0 | 1592834416646970 | 37 | 0x444f30$ | 1592834416676970 | 1592834416620956 | 0 | 1592834416676970 | 37 | 0x444f4b% | 1592834416620956 | 1592834416684515 | 37
$ | 1592834416706970 | 1592834416685426 | 0 | 1592834416706970 | 37 | 0x444f37$ | 1592834416736968 | 1592834416685426 | 0 | 1592834416736969 | 37 | 0x444f55% | 1592834416685426 | 1592834416748863 | 37
$ | 1592834416766970 | 1592834416749724 | 0 | 1592834416766970 | 37 | 0x444f26$ | 1592834416796969 | 1592834416749724 | 0 | 1592834416796969 | 37 | 0x444f41% | 1592834416749724 | 1592834416813309 | 37
$ | 1592834416826971 | 1592834416814024 | 0 | 1592834416826971 | 37 | 0x444f41$ | 1592834416856969 | 1592834416814024 | 0 | 1592834416856969 | 37 | 0x444f4b% | 1592834416814024 | 1592834416877643 | 37
$ | 1592834416886970 | 1592834416878495 | 0 | 1592834416886971 | 37 | 0x444f37$ | 1592834416916969 | 1592834416878495 | 0 | 1592834416916969 | 37 | 0x444f30% | 1592834416878495 | 1592834416941929 | 37
$ | 1592834416946969 | 1592834416942707 | 0 | 1592834416946969 | 37 | 0x444f4b$ | 1592834416976970 | 1592834416942707 | 0 | 1592834416976970 | 37 | 0x444f41% | 1592834416942707 | 1592834417006205 | 37
$ | 1592834417006965 | 1592834417006945 | 0 | 1592834417006965 | 29 | 0x7fe05069e557% | 1592834417006945 | 1592834417007036 | 29
$ | 1592834417036969 | 1592834417007048 | 0 | 1592834417036970 | 37 | 0x444f26$ | 1592834417066968 | 1592834417007048 | 0 | 1592834417066969 | 37 | 0x444f4b% | 1592834417007048 | 1592834417070631 | 37
$ | 1592834417096969 | 1592834417071509 | 0 | 1592834417096969 | 37 | 0x444f45$ | 1592834417126970 | 1592834417071509 | 0 | 1592834417126970 | 37 | 0x444f37% | 1592834417071509 | 1592834417134980 | 37
$ | 1592834417156970 | 1592834417135794 | 0 | 1592834417156970 | 37 | 0x444f41$ | 1592834417186970 | 1592834417135794 | 0 | 1592834417186970 | 37 | 0x444f26% | 1592834417135794 | 1592834417199339 | 37
$ | 1592834417216970 | 1592834417200144 | 0 | 1592834417216970 | 37 | 0x444f4b$ | 1592834417246969 | 1592834417200144 | 0 | 1592834417246969 | 37 | 0x444f4b% | 1592834417200144 | 1592834417263754 | 37
$ | 1592834417276969 | 1592834417264573 | 0 | 1592834417276970 | 37 | 0x444f45$ | 1592834417306969 | 1592834417264573 | 0 | 1592834417306969 | 37 | 0x444f4b% | 1592834417264573 | 1592834417327992 | 37
$ | 1592834417336970 | 1592834417328826 | 0 | 1592834417336970 | 37 | 0x444f41$ | 1592834417366968 | 1592834417328826 | 0 | 1592834417366969 | 37 | 0x444f4f% | 1592834417328826 | 1592834417392354 | 37
$ | 1592834417396969 | 1592834417393094 | 0 | 1592834417396969 | 37 | 0x444f45$ | 1592834417426968 | 1592834417393094 | 0 | 1592834417426969 | 37 | 0x444f4f% | 1592834417393094 | 1592834417456716 | 37
$ | 1592834417456965 | 1592834417456730 | 0 | 1592834417456965 | 26 | 0x7fe05069e598% | 1592834417456730 | 1592834417457066 | 26
$ | 1592834417486970 | 1592834417457584 | 0 | 1592834417486970 | 37 | 0x444f4b$ | 1592834417516969 | 1592834417457584 | 0 | 1592834417516969 | 37 | 0x444f41% | 1592834417457584 | 1592834417521088 | 37
$ | 1592834417546970 | 1592834417521849 | 0 | 1592834417546970 | 37 | 0x444f4b$ | 1592834417576968 | 1592834417521849 | 0 | 1592834417576969 | 37 | 0x444f4b% | 1592834417521849 | 1592834417585358 | 37
$ | 1592834417606969 | 1592834417586159 | 0 | 1592834417606970 | 37 | 0x444f55$ | 1592834417636969 | 1592834417586159 | 0 | 1592834417636969 | 37 | 0x444f41% | 1592834417586159 | 1592834417649798 | 37
$ | 1592834417666970 | 1592834417650589 | 0 | 1592834417666970 | 37 | 0x444f41$ | 1592834417696968 | 1592834417650589 | 0 | 1592834417696969 | 37 | 0x444f41% | 1592834417650589 | 1592834417714021 | 37
$ | 1592834417726970 | 1592834417714885 | 0 | 1592834417726970 | 37 | 0x444f4b$ | 1592834417756968 | 1592834417714885 | 0 | 1592834417756969 | 37 | 0x444f45% | 1592834417714885 | 1592834417778386 | 37
$ | 1592834417786970 | 1592834417779178 | 0 | 1592834417786970 | 37 | 0x444f4f$ | 1592834417816969 | 1592834417779178 | 0 | 1592834417816969 | 37 | 0x444f4f% | 1592834417779178 | 1592834417842785 | 37
$ | 1592834417846969 | 1592834417843604 | 0 | 1592834417846969 | 37 | 0x444f41$ | 1592834417876970 | 1592834417843604 | 0 | 1592834417876970 | 37 | 0x444f4b$ | 1592834417906969 | 1592834417843604 | 0 | 1592834417906970 | 37 | 0x444f26% | 1592834417843604 | 1592834417907148 | 37
$ | 1592834417936969 | 1592834417907872 | 0 | 1592834417936970 | 37 | 0x444f4b$ | 1592834417966966 | 1592834417907872 | 0 | 1592834417966967 | 37 | 0x444f4b% | 1592834417907872 | 1592834417971344 | 37
$ | 1592834417996970 | 1592834417972165 | 0 | 1592834417996970 | 37 | 0x444f45$ | 1592834418026969 | 1592834417972165 | 0 | 1592834418026969 | 37 | 0x444f37% | 1592834417972165 | 1592834418035724 | 37
$ | 1592834418056971 | 1592834418036610 | 0 | 1592834418056971 | 37 | 0x444f41$ | 1592834418086969 | 1592834418036610 | 0 | 1592834418086970 | 37 | 0x444f4b% | 1592834418036610 | 1592834418100068 | 37
$ | 1592834418116969 | 1592834418100895 | 0 | 1592834418116970 | 37 | 0x444f4b$ | 1592834418146968 | 1592834418100895 | 0 | 1592834418146968 | 37 | 0x444f41% | 1592834418100895 | 1592834418164467 | 37
$ | 1592834418176969 | 1592834418165223 | 0 | 1592834418176969 | 37 | 0x444f4b$ | 1592834418206970 | 1592834418165223 | 0 | 1592834418206970 | 37 | 0x444f4b% | 1592834418165223 | 1592834418228829 | 37
$ | 1592834418236971 | 1592834418229657 | 0 | 1592834418236971 | 37 | 0x444f41$ | 1592834418266969 | 1592834418229657 | 0 | 1592834418266970 | 37 | 0x444f4b% | 1592834418229657 | 1592834418293048 | 37
$ | 1592834418296969 | 1592834418293929 | 0 | 1592834418296969 | 37 | 0x444f4b$ | 1592834418326970 | 1592834418293929 | 0 | 1592834418326971 | 37 | 0x444f4b$ | 1592834418356971 | 1592834418293929 | 0 | 1592834418356971 | 37 | 0x444f4b% | 1592834418293929 | 1592834418359152 | 37
$ | 1592834418386970 | 1592834418359816 | 0 | 1592834418386970 | 37 | 0x444f45$ | 1592834418416968 | 1592834418359816 | 0 | 1592834418416968 | 37 | 0x444f41% | 1592834418359816 | 1592834418424967 | 37
$ | 1592834418446970 | 1592834418425581 | 0 | 1592834418446970 | 37 | 0x444f45$ | 1592834418476969 | 1592834418425581 | 0 | 1592834418476969 | 37 | 0x444f55% | 1592834418425581 | 1592834418490614 | 37
$ | 1592834418506970 | 1592834418491253 | 0 | 1592834418506970 | 37 | 0x444f45$ | 1592834418536969 | 1592834418491253 | 0 | 1592834418536969 | 37 | 0x444f37% | 1592834418491253 | 1592834418556271 | 37
$ | 1592834418566970 | 1592834418556934 | 0 | 1592834418566970 | 37 | 0x444f2c$ | 1592834418596969 | 1592834418556934 | 0 | 1592834418596969 | 37 | 0x444f4b% | 1592834418556934 | 1592834418622039 | 37
$ | 1592834418626969 | 1592834418622681 | 0 | 1592834418626969 | 37 | 0x444f4b$ | 1592834418656969 | 1592834418622681 | 0 | 1592834418656969 | 37 | 0x444f41$ | 1592834418686969 | 1592834418622681 | 0 | 1592834418686969 | 37 | 0x444f4b% | 1592834418622681 | 1592834418687697 | 37
$ | 1592834418716970 | 1592834418688289 | 0 | 1592834418716970 | 37 | 0x444f4b$ | 1592834418746969 | 1592834418688289 | 0 | 1592834418746969 | 37 | 0x444f26% | 1592834418688289 | 1592834418753381 | 37
$ | 1592834418776969 | 1592834418753945 | 0 | 1592834418776969 | 37 | 0x444f45$ | 1592834418806970 | 1592834418753945 | 0 | 1592834418806970 | 37 | 0x444f4b% | 1592834418753945 | 1592834418819099 | 37
$ | 1592834418836970 | 1592834418819676 | 0 | 1592834418836970 | 37 | 0x444f45$ | 1592834418866970 | 1592834418819676 | 0 | 1592834418866970 | 37 | 0x444f41% | 1592834418819676 | 1592834418884699 | 37
$ | 1592834418896970 | 1592834418885390 | 0 | 1592834418896970 | 37 | 0x444f41$ | 1592834418926969 | 1592834418885390 | 0 | 1592834418926970 | 37 | 0x444f41% | 1592834418885390 | 1592834418950456 | 37
$ | 1592834418956969 | 1592834418951149 | 0 | 1592834418956969 | 37 | 0x444f41$ | 1592834418986969 | 1592834418951149 | 0 | 1592834418986969 | 37 | 0x444f4b% | 1592834418951149 | 1592834419016293 | 37
$ | 1592834419016966 | 1592834419016838 | 0 | 1592834419016966 | 37 | 0x444f41$ | 1592834419046969 | 1592834419016838 | 0 | 1592834419046969 | 37 | 0x444f41$ | 1592834419076969 | 1592834419016838 | 0 | 1592834419076969 | 37 | 0x444f4f% | 1592834419016838 | 1592834419081836 | 37
$ | 1592834419106969 | 1592834419082594 | 0 | 1592834419106969 | 37 | 0x444f41$ | 1592834419136969 | 1592834419082594 | 0 | 1592834419136969 | 37 | 0x444f41% | 1592834419082594 | 1592834419147636 | 37
$ | 1592834419166969 | 1592834419148336 | 0 | 1592834419166969 | 37 | 0x444f4b$ | 1592834419196969 | 1592834419148336 | 0 | 1592834419196969 | 37 | 0x444f41% | 1592834419148336 | 1592834419213529 | 37
$ | 1592834419226969 | 1592834419214160 | 0 | 1592834419226969 | 37 | 0x444f45$ | 1592834419256970 | 1592834419214160 | 0 | 1592834419256970 | 37 | 0x444f41% | 1592834419214160 | 1592834419279150 | 37
$ | 1592834419286969 | 1592834419279989 | 0 | 1592834419286969 | 37 | 0x444f41$ | 1592834419316969 | 1592834419279989 | 0 | 1592834419316970 | 37 | 0x444f4b% | 1592834419279989 | 1592834419345024 | 37
$ | 1592834419346969 | 1592834419345692 | 0 | 1592834419346969 | 37 | 0x444f41$ | 1592834419376968 | 1592834419345692 | 0 | 1592834419376969 | 37 | 0x444f41$ | 1592834419406970 | 1592834419345692 | 0 | 1592834419406970 | 37 | 0x444f37% | 1592834419345692 | 1592834419410856 | 37
$ | 1592834419436970 | 1592834419411402 | 0 | 1592834419436970 | 37 | 0x444f26$ | 1592834419466968 | 1592834419411402 | 0 | 1592834419466968 | 37 | 0x444f4b% | 1592834419411402 | 1592834419476396 | 37
$ | 1592834419496970 | 1592834419477188 | 0 | 1592834419496970 | 37 | 0x444f4b$ | 1592834419526969 | 1592834419477188 | 0 | 1592834419526970 | 37 | 0x444f26% | 1592834419477188 | 1592834419542271 | 37
$ | 1592834419556970 | 1592834419542944 | 0 | 1592834419556970 | 37 | 0x444f4b$ | 1592834419586969 | 1592834419542944 | 0 | 1592834419586970 | 37 | 0x444f4b% | 1592834419542944 | 1592834419608176 | 37
$ | 1592834419616969 | 1592834419608672 | 0 | 1592834419616969 | 37 | 0x444f55$ | 1592834419646969 | 1592834419608672 | 0 | 1592834419646969 | 37 | 0x444f41% | 1592834419608672 | 1592834419673836 | 37
$ | 1592834419676968 | 1592834419674600 | 0 | 1592834419676969 | 37 | 0x444f4b$ | 1592834419706969 | 1592834419674600 | 0 | 1592834419706969 | 37 | 0x444f4b$ | 1592834419736969 | 1592834419674600 | 0 | 1592834419736969 | 37 | 0x444f4b% | 1592834419674600 | 1592834419739638 | 37
$ | 1592834419766970 | 1592834419740389 | 0 | 1592834419766970 | 37 | 0x444f4b$ | 1592834419796969 | 1592834419740389 | 0 | 1592834419796970 | 37 | 0x444f55% | 1592834419740389 | 1592834419805542 | 37
$ | 1592834419826969 | 1592834419806114 | 0 | 1592834419826970 | 37 | 0x444f4b$ | 1592834419856969 | 1592834419806114 | 0 | 1592834419856969 | 37 | 0x444f4b% | 1592834419806114 | 1592834419871093 | 37
$ | 1592834419886970 | 1592834419871889 | 0 | 1592834419886970 | 37 | 0x444f4b$ | 1592834419916969 | 1592834419871889 | 0 | 1592834419916969 | 37 | 0x444f41% | 1592834419871889 | 1592834419936936 | 37
$ | 1592834419946970 | 1592834419937672 | 0 | 1592834419946970 | 37 | 0x444f4b$ | 1592834419976968 | 1592834419937672 | 0 | 1592834419976969 | 37 | 0x444f4b% | 1592834419937672 | 1592834420002807 | 37
$ | 1592834420006969 | 1592834420003435 | 0 | 1592834420006969 | 37 | 0x444f4b$ | 1592834420036969 | 1592834420003435 | 0 | 1592834420036969 | 37 | 0x444f4b$ | 1592834420066969 | 1592834420003435 | 0 | 1592834420066970 | 37 | 0x444f37% | 1592834420003435 | 1592834420068461 | 37
$ | 1592834420096971 | 1592834420069226 | 0 | 1592834420096971 | 37 | 0x444f41$ | 1592834420126968 | 1592834420069226 | 0 | 1592834420126969 | 37 | 0x444f4b% | 1592834420069226 | 1592834420134252 | 37
$ | 1592834420156970 | 1592834420134983 | 0 | 1592834420156970 | 37 | 0x444f41$ | 1592834420186971 | 1592834420134983 | 0 | 1592834420186971 | 37 | 0x444f20% | 1592834420134983 | 1592834420200208 | 37
$ | 1592834420216970 | 1592834420200853 | 0 | 1592834420216970 | 37 | 0x444f58$ | 1592834420246969 | 1592834420200853 | 0 | 1592834420246969 | 37 | 0x444f4f% | 1592834420200853 | 1592834420265824 | 37
$ | 1592834420276970 | 1592834420266679 | 0 | 1592834420276970 | 37 | 0x444f41$ | 1592834420306969 | 1592834420266679 | 0 | 1592834420306969 | 37 | 0x444f55% | 1592834420266679 | 1592834420331755 | 37
$ | 1592834420336969 | 1592834420332375 | 0 | 1592834420336970 | 37 | 0x444f55$ | 1592834420366969 | 1592834420332375 | 0 | 1592834420366969 | 37 | 0x444f41$ | 1592834420396968 | 1592834420332375 | 0 | 1592834420396969 | 37 | 0x444f45% | 1592834420332375 | 1592834420397567 | 37
$ | 1592834420426970 | 1592834420398133 | 0 | 1592834420426970 | 37 | 0x444f45$ | 1592834420456969 | 1592834420398133 | 0 | 1592834420456969 | 37 | 0x444f45% | 1592834420398133 | 1592834420463101 | 37
$ | 1592834420486970 | 1592834420463847 | 0 | 1592834420486970 | 37 | 0x444f26$ | 1592834420516969 | 1592834420463847 | 0 | 1592834420516970 | 37 | 0x444f4b% | 1592834420463847 | 1592834420528908 | 37
$ | 1592834420546971 | 1592834420529702 | 0 | 1592834420546971 | 37 | 0x444f4b$ | 1592834420576969 | 1592834420529702 | 0 | 1592834420576969 | 37 | 0x444f4b% | 1592834420529702 | 1592834420594874 | 37
$ | 1592834420606968 | 1592834420595416 | 0 | 1592834420606968 | 37 | 0x444f4b$ | 1592834420636970 | 1592834420595416 | 0 | 1592834420636970 | 37 | 0x444f45% | 1592834420595416 | 1592834420660406 | 37
$ | 1592834420666969 | 1592834420661059 | 0 | 1592834420666969 | 37 | 0x444f41$ | 1592834420696969 | 1592834420661059 | 0 | 1592834420696970 | 37 | 0x444f37% | 1592834420661059 | 1592834420726075 | 37
$ | 1592834420726966 | 1592834420726745 | 0 | 1592834420726967 | 37 | 0x444f41$ | 1592834420756969 | 1592834420726745 | 0 | 1592834420756969 | 37 | 0x444f41$ | 1592834420786969 | 1592834420726745 | 0 | 1592834420786969 | 37 | 0x444f4b% | 1592834420726745 | 1592834420791887 | 37
$ | 1592834420816971 | 1592834420792668 | 0 | 1592834420816971 | 37 | 0x444f30$ | 1592834420846970 | 1592834420792668 | 0 | 1592834420846970 | 37 | 0x444f55% | 1592834420792668 | 1592834420857753 | 37
$ | 1592834420876970 | 1592834420858326 | 0 | 1592834420876970 | 37 | 0x444f4b$ | 1592834420906970 | 1592834420858326 | 0 | 1592834420906970 | 37 | 0x444f41% | 1592834420858326 | 1592834420923553 | 37
$ | 1592834420936970 | 1592834420924295 | 0 | 1592834420936970 | 37 | 0x444f26$ | 1592834420966968 | 1592834420924295 | 0 | 1592834420966969 | 37 | 0x444f41% | 1592834420924295 | 1592834420989416 | 37
$ | 1592834420996969 | 1592834420990006 | 0 | 1592834420996970 | 37 | 0x444f41$ | 1592834421026968 | 1592834420990006 | 0 | 1592834421026969 | 37 | 0x444f41% | 1592834420990006 | 1592834421055013 | 37
$ | 1592834421056969 | 1592834421055765 | 0 | 1592834421056969 | 37 | 0x444f55$ | 1592834421086969 | 1592834421055765 | 0 | 1592834421086969 | 37 | 0x444f4b$ | 1592834421116969 | 1592834421055765 | 0 | 1592834421116969 | 37 | 0x444f4b% | 1592834421055765 | 1592834421120902 | 37
$ | 1592834421146970 | 1592834421121500 | 0 | 1592834421146970 | 37 | 0x444f55$ | 1592834421176969 | 1592834421121500 | 0 | 1592834421176969 | 37 | 0x444f41% | 1592834421121500 | 1592834421186735 | 37
$ | 1592834421206970 | 1592834421187242 | 0 | 1592834421206970 | 37 | 0x444f4f$ | 1592834421236969 | 1592834421187242 | 0 | 1592834421236969 | 37 | 0x444f55% | 1592834421187242 | 1592834421252233 | 37
$ | 1592834421266970 | 1592834421253008 | 0 | 1592834421266970 | 37 | 0x444f4b$ | 1592834421296970 | 1592834421253008 | 0 | 1592834421296970 | 37 | 0x444f55% | 1592834421253008 | 1592834421318098 | 37
$ | 1592834421326970 | 1592834421318737 | 0 | 1592834421326970 | 37 | 0x444f4b$ | 1592834421356968 | 1592834421318737 | 0 | 1592834421356968 | 37 | 0x444f45% | 1592834421318737 | 1592834421383861 | 37
$ | 1592834421386969 | 1592834421384476 | 0 | 1592834421386969 | 37 | 0x444f4f$ | 1592834421416969 | 1592834421384476 | 0 | 1592834421416970 | 37 | 0x444f4b$ | 1592834421446969 | 1592834421384476 | 0 | 1592834421446969 | 37 | 0x444f41% | 1592834421384476 | 1592834421449477 | 37
$ | 1592834421476969 | 1592834421450306 | 0 | 1592834421476970 | 37 | 0x444f4b$ | 1592834421506970 | 1592834421450306 | 0 | 1592834421506970 | 37 | 0x444f41% | 1592834421450306 | 1592834421515371 | 37
$ | 1592834421536970 | 1592834421516054 | 0 | 1592834421536970 | 37 | 0x444f45$ | 1592834421566969 | 1592834421516054 | 0 | 1592834421566969 | 37 | 0x444f41% | 1592834421516054 | 1592834421581202 | 37
$ | 1592834421596970 | 1592834421581839 | 0 | 1592834421596970 | 37 | 0x444f4f$ | 1592834421626969 | 1592834421581839 | 0 | 1592834421626969 | 37 | 0x444f55% | 1592834421581839 | 1592834421646853 | 37
$ | 1592834421656969 | 1592834421647617 | 0 | 1592834421656969 | 37 | 0x444f55$ | 1592834421686968 | 1592834421647617 | 0 | 1592834421686968 | 37 | 0x444f4b% | 1592834421647617 | 1592834421712698 | 37
$ | 1592834421716969 | 1592834421713400 | 0 | 1592834421716969 | 37 | 0x444f4b$ | 1592834421746969 | 1592834421713400 | 0 | 1592834421746969 | 37 | 0x444f4f$ | 1592834421776970 | 1592834421713400 | 0 | 1592834421776970 | 37 | 0x444f41% | 1592834421713400 | 1592834421778532 | 37
$ | 1592834421806970 | 1592834421779099 | 0 | 1592834421806970 | 37 | 0x444f4b$ | 1592834421836969 | 1592834421779099 | 0 | 1592834421836969 | 37 | 0x444f4b% | 1592834421779099 | 1592834421844092 | 37
$ | 1592834421866970 | 1592834421844765 | 0 | 1592834421866970 | 37 | 0x444f41$ | 1592834421896969 | 1592834421844765 | 0 | 1592834421896969 | 37 | 0x444f4f% | 1592834421844765 | 1592834421909854 | 37
$ | 1592834421926970 | 1592834421910524 | 0 | 1592834421926971 | 37 | 0x444f4f$ | 1592834421956970 | 1592834421910524 | 0 | 1592834421956970 | 37 | 0x444f41% | 1592834421910524 | 1592834421975699 | 37
$ | 1592834421986970 | 1592834421976290 | 0 | 1592834421986970 | 37 | 0x444f4b$ | 1592834422016969 | 1592834421976290 | 0 | 1592834422016969 | 37 | 0x444f4b% | 1592834421976290 | 1592834422041303 | 37
$ | 1592834422046970 | 1592834422042025 | 0 | 1592834422046970 | 37 | 0x444f4b$ | 1592834422076969 | 1592834422042025 | 0 | 1592834422076969 | 37 | 0x444f45$ | 1592834422106969 | 1592834422042025 | 0 | 1592834422106969 | 37 | 0x444f30% | 1592834422042025 | 1592834422107107 | 37
$ | 1592834422136970 | 1592834422107790 | 0 | 1592834422136970 | 37 | 0x444f4b$ | 1592834422166968 | 1592834422107790 | 0 | 1592834422166968 | 37 | 0x444f4b% | 1592834422107790 | 1592834422172906 | 37
$ | 1592834422196970 | 1592834422173541 | 0 | 1592834422196970 | 37 | 0x444f4b$ | 1592834422226969 | 1592834422173541 | 0 | 1592834422226969 | 37 | 0x444f30% | 1592834422173541 | 1592834422238536 | 37
$ | 1592834422256970 | 1592834422239355 | 0 | 1592834422256970 | 37 | 0x444f4b$ | 1592834422286969 | 1592834422239355 | 0 | 1592834422286969 | 37 | 0x444f41% | 1592834422239355 | 1592834422304466 | 37
$ | 1592834422316970 | 1592834422305068 | 0 | 1592834422316970 | 37 | 0x444f4f$ | 1592834422346969 | 1592834422305068 | 0 | 1592834422346970 | 37 | 0x444f4b% | 1592834422305068 | 1592834422370205 | 37
$ | 1592834422376970 | 1592834422370823 | 0 | 1592834422376970 | 37 | 0x444f4b$ | 1592834422406970 | 1592834422370823 | 0 | 1592834422406970 | 37 | 0x444f45% | 1592834422370823 | 1592834422435849 | 37
$ | 1592834422436966 | 1592834422436544 | 0 | 1592834422436967 | 37 | 0x444f4b$ | 1592834422466970 | 1592834422436544 | 0 | 1592834422466970 | 37 | 0x444f37$ | 1592834422496968 | 1592834422436544 | 0 | 1592834422496969 | 37 | 0x444f41% | 1592834422436544 | 1592834422501603 | 37
$ | 1592834422526970 | 1592834422502360 | 0 | 1592834422526970 | 37 | 0x444f4b$ | 1592834422556969 | 1592834422502360 | 0 | 1592834422556969 | 37 | 0x444f4b% | 1592834422502360 | 1592834422567509 | 37
$ | 1592834422586970 | 1592834422568071 | 0 | 1592834422586971 | 37 | 0x444f55$ | 1592834422616969 | 1592834422568071 | 0 | 1592834422616969 | 37 | 0x444f4b% | 1592834422568071 | 1592834422633116 | 37
# exe: /lustrehome/home/s.engkadac/profiling/wave2d/tau/ex05-with-taucompilers-tracing/wave2d
# node: 4
# thread: 0
