# Format version: 0.2
# $ | <timestamp> | <delta-begin> | <delta-end> | <metric 1> ... <metric N> | <tau callpath> | <location> [ PC callstack ]
# % | <delta-begin metric 1> ... <delta-begin metric N> | <delta-end metric 1> ... <delta-end metric N> | <tau callpath>
# Metrics: TIME
$ | 1592834415955975 | 1592834415929541 | 0 | 1592834415955976 | 15 | 0x4450a8$ | 1592834415985975 | 1592834415929541 | 0 | 1592834415985975 | 15 | 0x4450d0$ | 1592834416015969 | 1592834415987995 | 0 | 1592834416015969 | 18 | 0x44522d$ | 1592834416045967 | 1592834415987995 | 0 | 1592834416045967 | 18 | 0x44523c$ | 1592834416075966 | 1592834415987995 | 0 | 1592834416075966 | 18 | 0x445249% | 1592834415987995 | 1592834416099949 | 18
% | 1592834415929541 | 1592834416099951 | 15
$ | 1592834416105973 | 1592834416104828 | 0 | 1592834416105973 | 37 | 0x444f4b$ | 1592834416135975 | 1592834416104828 | 0 | 1592834416135975 | 37 | 0x444f41$ | 1592834416165974 | 1592834416104828 | 0 | 1592834416165974 | 37 | 0x444f41% | 1592834416104828 | 1592834416168946 | 37
$ | 1592834416195975 | 1592834416170610 | 0 | 1592834416195975 | 37 | 0x444f41$ | 1592834416225975 | 1592834416170610 | 0 | 1592834416225975 | 37 | 0x444f55% | 1592834416170610 | 1592834416234612 | 37
$ | 1592834416255976 | 1592834416234800 | 0 | 1592834416255976 | 37 | 0x444f4b$ | 1592834416285975 | 1592834416234800 | 0 | 1592834416285975 | 37 | 0x444f41% | 1592834416234800 | 1592834416298691 | 37
$ | 1592834416315974 | 1592834416299200 | 0 | 1592834416315974 | 37 | 0x444f41$ | 1592834416345975 | 1592834416299200 | 0 | 1592834416345975 | 37 | 0x444f4b% | 1592834416299200 | 1592834416362972 | 37
$ | 1592834416375974 | 1592834416363488 | 0 | 1592834416375975 | 37 | 0x444f41$ | 1592834416405975 | 1592834416363488 | 0 | 1592834416405975 | 37 | 0x444f41% | 1592834416363488 | 1592834416427456 | 37
$ | 1592834416435975 | 1592834416427860 | 0 | 1592834416435975 | 37 | 0x444f26$ | 1592834416465974 | 1592834416427860 | 0 | 1592834416465975 | 37 | 0x444f37% | 1592834416427860 | 1592834416491793 | 37
$ | 1592834416495973 | 1592834416492274 | 0 | 1592834416495973 | 37 | 0x444f4b$ | 1592834416525974 | 1592834416492274 | 0 | 1592834416525974 | 37 | 0x444f4b$ | 1592834416555973 | 1592834416492274 | 0 | 1592834416555974 | 37 | 0x444f30% | 1592834416492274 | 1592834416556028 | 37
$ | 1592834416585975 | 1592834416556551 | 0 | 1592834416585976 | 37 | 0x444f55$ | 1592834416615974 | 1592834416556551 | 0 | 1592834416615975 | 37 | 0x444f4b% | 1592834416556551 | 1592834416620540 | 37
$ | 1592834416645975 | 1592834416620806 | 0 | 1592834416645975 | 37 | 0x444f4b$ | 1592834416675974 | 1592834416620806 | 0 | 1592834416675974 | 37 | 0x444f37% | 1592834416620806 | 1592834416684698 | 37
$ | 1592834416705975 | 1592834416685250 | 0 | 1592834416705975 | 37 | 0x444f4b$ | 1592834416735974 | 1592834416685250 | 0 | 1592834416735974 | 37 | 0x444f30% | 1592834416685250 | 1592834416748989 | 37
$ | 1592834416765976 | 1592834416749525 | 0 | 1592834416765977 | 37 | 0x444f41$ | 1592834416795974 | 1592834416749525 | 0 | 1592834416795975 | 37 | 0x444f41% | 1592834416749525 | 1592834416813450 | 37
$ | 1592834416825975 | 1592834416813887 | 0 | 1592834416825975 | 37 | 0x444f4f$ | 1592834416855974 | 1592834416813887 | 0 | 1592834416855975 | 37 | 0x444f30% | 1592834416813887 | 1592834416877824 | 37
$ | 1592834416885975 | 1592834416878304 | 0 | 1592834416885975 | 37 | 0x444f4f$ | 1592834416915975 | 1592834416878304 | 0 | 1592834416915975 | 37 | 0x444f4f% | 1592834416878304 | 1592834416942028 | 37
$ | 1592834416945973 | 1592834416942565 | 0 | 1592834416945973 | 37 | 0x444f37$ | 1592834416975973 | 1592834416942565 | 0 | 1592834416975974 | 37 | 0x444f37$ | 1592834417005975 | 1592834416942565 | 0 | 1592834417005975 | 37 | 0x444f4b% | 1592834416942565 | 1592834417006494 | 37
$ | 1592834417035974 | 1592834417006791 | 0 | 1592834417035975 | 37 | 0x444f55$ | 1592834417065975 | 1592834417006791 | 0 | 1592834417065975 | 37 | 0x444f4b% | 1592834417006791 | 1592834417070719 | 37
$ | 1592834417095974 | 1592834417071268 | 0 | 1592834417095974 | 37 | 0x444f4f$ | 1592834417125974 | 1592834417071268 | 0 | 1592834417125975 | 37 | 0x444f4b% | 1592834417071268 | 1592834417135026 | 37
$ | 1592834417155974 | 1592834417135608 | 0 | 1592834417155975 | 37 | 0x444f41$ | 1592834417185974 | 1592834417135608 | 0 | 1592834417185974 | 37 | 0x444f55% | 1592834417135608 | 1592834417199573 | 37
$ | 1592834417215975 | 1592834417199984 | 0 | 1592834417215975 | 37 | 0x444f26$ | 1592834417245975 | 1592834417199984 | 0 | 1592834417245976 | 37 | 0x444f4b% | 1592834417199984 | 1592834417263877 | 37
$ | 1592834417275974 | 1592834417264421 | 0 | 1592834417275974 | 37 | 0x444f45$ | 1592834417305975 | 1592834417264421 | 0 | 1592834417305975 | 37 | 0x444f37% | 1592834417264421 | 1592834417328139 | 37
$ | 1592834417335975 | 1592834417328651 | 0 | 1592834417335975 | 37 | 0x444f41$ | 1592834417365974 | 1592834417328651 | 0 | 1592834417365975 | 37 | 0x444f55% | 1592834417328651 | 1592834417392616 | 37
$ | 1592834417395973 | 1592834417392987 | 0 | 1592834417395973 | 37 | 0x444f4b$ | 1592834417425974 | 1592834417392987 | 0 | 1592834417425975 | 37 | 0x444f41$ | 1592834417455974 | 1592834417392987 | 0 | 1592834417455974 | 37 | 0x444f37% | 1592834417392987 | 1592834417456864 | 37
$ | 1592834417485975 | 1592834417457398 | 0 | 1592834417485975 | 37 | 0x444f41$ | 1592834417515975 | 1592834417457398 | 0 | 1592834417515975 | 37 | 0x444f4b% | 1592834417457398 | 1592834417521154 | 37
$ | 1592834417545975 | 1592834417521648 | 0 | 1592834417545976 | 37 | 0x444f41$ | 1592834417575974 | 1592834417521648 | 0 | 1592834417575974 | 37 | 0x444f55% | 1592834417521648 | 1592834417585608 | 37
$ | 1592834417605976 | 1592834417585972 | 0 | 1592834417605976 | 37 | 0x444f4b$ | 1592834417635975 | 1592834417585972 | 0 | 1592834417635975 | 37 | 0x444f4f% | 1592834417585972 | 1592834417649866 | 37
$ | 1592834417665975 | 1592834417650441 | 0 | 1592834417665975 | 37 | 0x444f4b$ | 1592834417695976 | 1592834417650441 | 0 | 1592834417695976 | 37 | 0x444f41% | 1592834417650441 | 1592834417714186 | 37
$ | 1592834417725975 | 1592834417714649 | 0 | 1592834417725975 | 37 | 0x444f41$ | 1592834417755975 | 1592834417714649 | 0 | 1592834417755975 | 37 | 0x444f4b% | 1592834417714649 | 1592834417778620 | 37
$ | 1592834417785973 | 1592834417779035 | 0 | 1592834417785974 | 37 | 0x444f4f$ | 1592834417815975 | 1592834417779035 | 0 | 1592834417815975 | 37 | 0x444f55% | 1592834417779035 | 1592834417842940 | 37
$ | 1592834417845975 | 1592834417843481 | 0 | 1592834417845975 | 37 | 0x444f4b$ | 1592834417875975 | 1592834417843481 | 0 | 1592834417875975 | 37 | 0x444f41$ | 1592834417905975 | 1592834417843481 | 0 | 1592834417905975 | 37 | 0x444f41% | 1592834417843481 | 1592834417907273 | 37
$ | 1592834417935975 | 1592834417907713 | 0 | 1592834417935975 | 37 | 0x444f45$ | 1592834417965974 | 1592834417907713 | 0 | 1592834417965974 | 37 | 0x444f4b% | 1592834417907713 | 1592834417971646 | 37
$ | 1592834417995974 | 1592834417971992 | 0 | 1592834417995974 | 37 | 0x444f4b$ | 1592834418025975 | 1592834417971992 | 0 | 1592834418025975 | 37 | 0x444f4b% | 1592834417971992 | 1592834418035893 | 37
$ | 1592834418055974 | 1592834418036465 | 0 | 1592834418055974 | 37 | 0x444f4b$ | 1592834418085976 | 1592834418036465 | 0 | 1592834418085976 | 37 | 0x444f4b% | 1592834418036465 | 1592834418100264 | 37
$ | 1592834418115975 | 1592834418100674 | 0 | 1592834418115976 | 37 | 0x444f37$ | 1592834418145974 | 1592834418100674 | 0 | 1592834418145975 | 37 | 0x444f1d% | 1592834418100674 | 1592834418164663 | 37
$ | 1592834418175975 | 1592834418165086 | 0 | 1592834418175975 | 37 | 0x444f4b$ | 1592834418205974 | 1592834418165086 | 0 | 1592834418205974 | 37 | 0x444f4b% | 1592834418165086 | 1592834418229022 | 37
$ | 1592834418235974 | 1592834418229544 | 0 | 1592834418235974 | 37 | 0x444f4b$ | 1592834418265974 | 1592834418229544 | 0 | 1592834418265975 | 37 | 0x444f37% | 1592834418229544 | 1592834418293317 | 37
$ | 1592834418295973 | 1592834418293671 | 0 | 1592834418295973 | 37 | 0x444f45$ | 1592834418325976 | 1592834418293671 | 0 | 1592834418325976 | 37 | 0x444f55$ | 1592834418355976 | 1592834418293671 | 0 | 1592834418355976 | 37 | 0x444f4b% | 1592834418293671 | 1592834418358376 | 37
$ | 1592834418385978 | 1592834418359869 | 0 | 1592834418385978 | 37 | 0x444f41$ | 1592834418415975 | 1592834418359869 | 0 | 1592834418415976 | 37 | 0x444f1d% | 1592834418359869 | 1592834418423882 | 37
$ | 1592834418445975 | 1592834418425705 | 0 | 1592834418445975 | 37 | 0x444f4b$ | 1592834418475974 | 1592834418425705 | 0 | 1592834418475975 | 37 | 0x444f41% | 1592834418425705 | 1592834418489494 | 37
$ | 1592834418505975 | 1592834418491355 | 0 | 1592834418505975 | 37 | 0x444f41$ | 1592834418535975 | 1592834418491355 | 0 | 1592834418535975 | 37 | 0x444f45% | 1592834418491355 | 1592834418555347 | 37
$ | 1592834418565975 | 1592834418557094 | 0 | 1592834418565975 | 37 | 0x444f45$ | 1592834418595975 | 1592834418557094 | 0 | 1592834418595975 | 37 | 0x444f30% | 1592834418557094 | 1592834418621026 | 37
$ | 1592834418625974 | 1592834418622948 | 0 | 1592834418625974 | 37 | 0x444f4f$ | 1592834418655974 | 1592834418622948 | 0 | 1592834418655975 | 37 | 0x444f4b$ | 1592834418685975 | 1592834418622948 | 0 | 1592834418685975 | 37 | 0x444f41% | 1592834418622948 | 1592834418686684 | 37
$ | 1592834418715975 | 1592834418688619 | 0 | 1592834418715976 | 37 | 0x444f4b$ | 1592834418745974 | 1592834418688619 | 0 | 1592834418745974 | 37 | 0x444f4b% | 1592834418688619 | 1592834418752566 | 37
$ | 1592834418775975 | 1592834418754336 | 0 | 1592834418775976 | 37 | 0x444f4b$ | 1592834418805975 | 1592834418754336 | 0 | 1592834418805975 | 37 | 0x444f4f% | 1592834418754336 | 1592834418818221 | 37
$ | 1592834418835976 | 1592834418820217 | 0 | 1592834418835976 | 37 | 0x444f41$ | 1592834418865974 | 1592834418820217 | 0 | 1592834418865974 | 37 | 0x444f4b% | 1592834418820217 | 1592834418883897 | 37
$ | 1592834418895974 | 1592834418885887 | 0 | 1592834418895975 | 37 | 0x444f45$ | 1592834418925974 | 1592834418885887 | 0 | 1592834418925974 | 37 | 0x444f4b% | 1592834418885887 | 1592834418949808 | 37
$ | 1592834418955973 | 1592834418951574 | 0 | 1592834418955973 | 37 | 0x444f45$ | 1592834418985975 | 1592834418951574 | 0 | 1592834418985975 | 37 | 0x444f55% | 1592834418951574 | 1592834419015481 | 37
$ | 1592834419015971 | 1592834419015514 | 0 | 1592834419015971 | 26 | 0x7fb2314d9446% | 1592834419015514 | 1592834419016707 | 26
$ | 1592834419045975 | 1592834419017457 | 0 | 1592834419045975 | 37 | 0x444f45$ | 1592834419075974 | 1592834419017457 | 0 | 1592834419075975 | 37 | 0x444f26% | 1592834419017457 | 1592834419081180 | 37
$ | 1592834419105975 | 1592834419083110 | 0 | 1592834419105975 | 37 | 0x444f26$ | 1592834419135973 | 1592834419083110 | 0 | 1592834419135974 | 37 | 0x444f37% | 1592834419083110 | 1592834419147077 | 37
$ | 1592834419165973 | 1592834419148806 | 0 | 1592834419165973 | 37 | 0x444f4b$ | 1592834419195974 | 1592834419148806 | 0 | 1592834419195975 | 37 | 0x444f41% | 1592834419148806 | 1592834419212781 | 37
$ | 1592834419225975 | 1592834419214778 | 0 | 1592834419225975 | 37 | 0x444f55$ | 1592834419255974 | 1592834419214778 | 0 | 1592834419255975 | 37 | 0x444f4b% | 1592834419214778 | 1592834419278525 | 37
$ | 1592834419285975 | 1592834419280456 | 0 | 1592834419285976 | 37 | 0x444f4b$ | 1592834419315974 | 1592834419280456 | 0 | 1592834419315975 | 37 | 0x444f37% | 1592834419280456 | 1592834419344424 | 37
$ | 1592834419345970 | 1592834419345636 | 0 | 1592834419345970 | 26 | 0x7fb225cad598% | 1592834419345636 | 1592834419345990 | 26
$ | 1592834419375974 | 1592834419346131 | 0 | 1592834419375974 | 37 | 0x444f4b$ | 1592834419405974 | 1592834419346131 | 0 | 1592834419405974 | 37 | 0x444f45% | 1592834419346131 | 1592834419410011 | 37
$ | 1592834419435975 | 1592834419412027 | 0 | 1592834419435975 | 37 | 0x444f37$ | 1592834419465975 | 1592834419412027 | 0 | 1592834419465975 | 37 | 0x444f1d% | 1592834419412027 | 1592834419475809 | 37
$ | 1592834419495975 | 1592834419477655 | 0 | 1592834419495975 | 37 | 0x444f45$ | 1592834419525975 | 1592834419477655 | 0 | 1592834419525975 | 37 | 0x444f4b% | 1592834419477655 | 1592834419541650 | 37
$ | 1592834419555974 | 1592834419543387 | 0 | 1592834419555975 | 37 | 0x444f41$ | 1592834419585974 | 1592834419543387 | 0 | 1592834419585974 | 37 | 0x444f4f% | 1592834419543387 | 1592834419607304 | 37
$ | 1592834419615974 | 1592834419609281 | 0 | 1592834419615975 | 37 | 0x444f37$ | 1592834419645975 | 1592834419609281 | 0 | 1592834419645976 | 37 | 0x444f4f% | 1592834419609281 | 1592834419673073 | 37
$ | 1592834419675973 | 1592834419675138 | 0 | 1592834419675973 | 37 | 0x444f4b$ | 1592834419705975 | 1592834419675138 | 0 | 1592834419705975 | 37 | 0x444f55$ | 1592834419735974 | 1592834419675138 | 0 | 1592834419735975 | 37 | 0x444f4f% | 1592834419675138 | 1592834419739143 | 37
$ | 1592834419765975 | 1592834419740864 | 0 | 1592834419765975 | 37 | 0x444f55$ | 1592834419795974 | 1592834419740864 | 0 | 1592834419795974 | 37 | 0x444f45% | 1592834419740864 | 1592834419804775 | 37
$ | 1592834419825975 | 1592834419806761 | 0 | 1592834419825975 | 37 | 0x444f45$ | 1592834419855974 | 1592834419806761 | 0 | 1592834419855974 | 37 | 0x444f4b% | 1592834419806761 | 1592834419870489 | 37
$ | 1592834419885975 | 1592834419872478 | 0 | 1592834419885975 | 37 | 0x444f37$ | 1592834419915975 | 1592834419872478 | 0 | 1592834419915975 | 37 | 0x444f4b% | 1592834419872478 | 1592834419936443 | 37
$ | 1592834419945975 | 1592834419938179 | 0 | 1592834419945976 | 37 | 0x444f45$ | 1592834419975974 | 1592834419938179 | 0 | 1592834419975974 | 37 | 0x444f4b% | 1592834419938179 | 1592834420002118 | 37
$ | 1592834420005974 | 1592834420004074 | 0 | 1592834420005974 | 37 | 0x444f4b$ | 1592834420035975 | 1592834420004074 | 0 | 1592834420035975 | 37 | 0x444f41$ | 1592834420065975 | 1592834420004074 | 0 | 1592834420065975 | 37 | 0x444f4b% | 1592834420004074 | 1592834420067833 | 37
$ | 1592834420095975 | 1592834420069736 | 0 | 1592834420095975 | 37 | 0x444f37$ | 1592834420125974 | 1592834420069736 | 0 | 1592834420125974 | 37 | 0x444f41% | 1592834420069736 | 1592834420133730 | 37
$ | 1592834420155976 | 1592834420135439 | 0 | 1592834420155976 | 37 | 0x444f4b$ | 1592834420185974 | 1592834420135439 | 0 | 1592834420185975 | 37 | 0x444f26% | 1592834420135439 | 1592834420199388 | 37
$ | 1592834420215975 | 1592834420201471 | 0 | 1592834420215975 | 37 | 0x444f41$ | 1592834420245974 | 1592834420201471 | 0 | 1592834420245974 | 37 | 0x444f4b% | 1592834420201471 | 1592834420265200 | 37
$ | 1592834420275975 | 1592834420267170 | 0 | 1592834420275975 | 37 | 0x444f4f$ | 1592834420305974 | 1592834420267170 | 0 | 1592834420305974 | 37 | 0x444f1d% | 1592834420267170 | 1592834420331144 | 37
$ | 1592834420335974 | 1592834420332859 | 0 | 1592834420335975 | 37 | 0x444f37$ | 1592834420365974 | 1592834420332859 | 0 | 1592834420365974 | 37 | 0x444f4b$ | 1592834420395974 | 1592834420332859 | 0 | 1592834420395975 | 37 | 0x444f41% | 1592834420332859 | 1592834420396814 | 37
$ | 1592834420425974 | 1592834420398716 | 0 | 1592834420425975 | 37 | 0x444f26$ | 1592834420455973 | 1592834420398716 | 0 | 1592834420455974 | 37 | 0x444f41% | 1592834420398716 | 1592834420462474 | 37
$ | 1592834420485974 | 1592834420464319 | 0 | 1592834420485975 | 37 | 0x444f37$ | 1592834420515975 | 1592834420464319 | 0 | 1592834420515975 | 37 | 0x444f41% | 1592834420464319 | 1592834420528266 | 37
$ | 1592834420545975 | 1592834420529984 | 0 | 1592834420545975 | 37 | 0x444f55$ | 1592834420575974 | 1592834420529984 | 0 | 1592834420575975 | 37 | 0x444f4b% | 1592834420529984 | 1592834420593894 | 37
$ | 1592834420605975 | 1592834420595875 | 0 | 1592834420605975 | 37 | 0x444f4b$ | 1592834420635974 | 1592834420595875 | 0 | 1592834420635975 | 37 | 0x444f26% | 1592834420595875 | 1592834420659661 | 37
$ | 1592834420665974 | 1592834420661550 | 0 | 1592834420665974 | 37 | 0x444f37$ | 1592834420695975 | 1592834420661550 | 0 | 1592834420695975 | 37 | 0x444f4b% | 1592834420661550 | 1592834420725477 | 37
$ | 1592834420725971 | 1592834420725511 | 0 | 1592834420725971 | 26 | 0x7fb225cad091% | 1592834420725511 | 1592834420726726 | 26
$ | 1592834420755975 | 1592834420727312 | 0 | 1592834420755975 | 37 | 0x444f41$ | 1592834420785975 | 1592834420727312 | 0 | 1592834420785975 | 37 | 0x444f4b% | 1592834420727312 | 1592834420791244 | 37
$ | 1592834420815976 | 1592834420793160 | 0 | 1592834420815976 | 37 | 0x444f26$ | 1592834420845974 | 1592834420793160 | 0 | 1592834420845975 | 37 | 0x444f4b% | 1592834420793160 | 1592834420856948 | 37
$ | 1592834420875975 | 1592834420858894 | 0 | 1592834420875975 | 37 | 0x444f4b$ | 1592834420905974 | 1592834420858894 | 0 | 1592834420905974 | 37 | 0x444f37% | 1592834420858894 | 1592834420922869 | 37
$ | 1592834420935976 | 1592834420924743 | 0 | 1592834420935976 | 37 | 0x444f4b$ | 1592834420965975 | 1592834420924743 | 0 | 1592834420965975 | 37 | 0x444f55% | 1592834420924743 | 1592834420988662 | 37
$ | 1592834420995974 | 1592834420990609 | 0 | 1592834420995974 | 37 | 0x444f4b$ | 1592834421025975 | 1592834420990609 | 0 | 1592834421025975 | 37 | 0x444f41% | 1592834420990609 | 1592834421054359 | 37
$ | 1592834421055970 | 1592834421055607 | 0 | 1592834421055970 | 26 | 0x7fb2246245d1% | 1592834421055607 | 1592834421056122 | 26
$ | 1592834421085974 | 1592834421056274 | 0 | 1592834421085975 | 37 | 0x444f41$ | 1592834421115974 | 1592834421056274 | 0 | 1592834421115974 | 37 | 0x444f41% | 1592834421056274 | 1592834421120236 | 37
$ | 1592834421145975 | 1592834421121933 | 0 | 1592834421145975 | 37 | 0x444f4b$ | 1592834421175976 | 1592834421121933 | 0 | 1592834421175976 | 37 | 0x444f41% | 1592834421121933 | 1592834421185889 | 37
$ | 1592834421205975 | 1592834421187817 | 0 | 1592834421205975 | 37 | 0x444f4b$ | 1592834421235974 | 1592834421187817 | 0 | 1592834421235974 | 37 | 0x444f41% | 1592834421187817 | 1592834421251603 | 37
$ | 1592834421265974 | 1592834421253502 | 0 | 1592834421265975 | 37 | 0x444f4b$ | 1592834421295974 | 1592834421253502 | 0 | 1592834421295974 | 37 | 0x444f41% | 1592834421253502 | 1592834421317515 | 37
$ | 1592834421325973 | 1592834421319248 | 0 | 1592834421325974 | 37 | 0x444f4b$ | 1592834421355975 | 1592834421319248 | 0 | 1592834421355975 | 37 | 0x444f4b% | 1592834421319248 | 1592834421383136 | 37
$ | 1592834421385972 | 1592834421385151 | 0 | 1592834421385973 | 37 | 0x444f4b$ | 1592834421415975 | 1592834421385151 | 0 | 1592834421415975 | 37 | 0x444f41$ | 1592834421445975 | 1592834421385151 | 0 | 1592834421445975 | 37 | 0x444f4f% | 1592834421385151 | 1592834421448886 | 37
$ | 1592834421475974 | 1592834421450815 | 0 | 1592834421475975 | 37 | 0x444f41$ | 1592834421505973 | 1592834421450815 | 0 | 1592834421505974 | 37 | 0x444f37% | 1592834421450815 | 1592834421514767 | 37
$ | 1592834421535975 | 1592834421516580 | 0 | 1592834421535975 | 37 | 0x444f55$ | 1592834421565975 | 1592834421516580 | 0 | 1592834421565975 | 37 | 0x444f26% | 1592834421516580 | 1592834421580531 | 37
$ | 1592834421595975 | 1592834421582440 | 0 | 1592834421595975 | 37 | 0x444f4b$ | 1592834421625975 | 1592834421582440 | 0 | 1592834421625975 | 37 | 0x444f45% | 1592834421582440 | 1592834421646205 | 37
$ | 1592834421655974 | 1592834421648120 | 0 | 1592834421655974 | 37 | 0x444f41$ | 1592834421685974 | 1592834421648120 | 0 | 1592834421685975 | 37 | 0x444f4b% | 1592834421648120 | 1592834421712057 | 37
$ | 1592834421715973 | 1592834421713795 | 0 | 1592834421715973 | 37 | 0x444f45$ | 1592834421745975 | 1592834421713795 | 0 | 1592834421745976 | 37 | 0x444f1d$ | 1592834421775974 | 1592834421713795 | 0 | 1592834421775974 | 37 | 0x444f4b% | 1592834421713795 | 1592834421777712 | 37
$ | 1592834421805975 | 1592834421779623 | 0 | 1592834421805975 | 37 | 0x444f41$ | 1592834421835974 | 1592834421779623 | 0 | 1592834421835974 | 37 | 0x444f4b% | 1592834421779623 | 1592834421843349 | 37
$ | 1592834421865976 | 1592834421845251 | 0 | 1592834421865976 | 37 | 0x444f4b$ | 1592834421895974 | 1592834421845251 | 0 | 1592834421895974 | 37 | 0x444f4b% | 1592834421845251 | 1592834421909165 | 37
$ | 1592834421925975 | 1592834421910989 | 0 | 1592834421925975 | 37 | 0x444f4f$ | 1592834421955974 | 1592834421910989 | 0 | 1592834421955975 | 37 | 0x444f55% | 1592834421910989 | 1592834421974874 | 37
$ | 1592834421985974 | 1592834421976869 | 0 | 1592834421985974 | 37 | 0x444f4b$ | 1592834422015974 | 1592834421976869 | 0 | 1592834422015974 | 37 | 0x444f37% | 1592834421976869 | 1592834422040666 | 37
$ | 1592834422045974 | 1592834422042520 | 0 | 1592834422045974 | 37 | 0x444f4b$ | 1592834422075974 | 1592834422042520 | 0 | 1592834422075974 | 37 | 0x444f41$ | 1592834422105973 | 1592834422042520 | 0 | 1592834422105974 | 37 | 0x444f15% | 1592834422042520 | 1592834422106462 | 37
$ | 1592834422135975 | 1592834422108262 | 0 | 1592834422135975 | 37 | 0x444f45$ | 1592834422165971 | 1592834422108262 | 0 | 1592834422165972 | 37 | 0x444f41% | 1592834422108262 | 1592834422172181 | 37
$ | 1592834422195975 | 1592834422174155 | 0 | 1592834422195975 | 37 | 0x444f37$ | 1592834422225974 | 1592834422174155 | 0 | 1592834422225974 | 37 | 0x444f55% | 1592834422174155 | 1592834422237930 | 37
$ | 1592834422255975 | 1592834422239804 | 0 | 1592834422255975 | 37 | 0x444f41$ | 1592834422285974 | 1592834422239804 | 0 | 1592834422285974 | 37 | 0x444f37% | 1592834422239804 | 1592834422303794 | 37
$ | 1592834422315975 | 1592834422305547 | 0 | 1592834422315975 | 37 | 0x444f30$ | 1592834422345974 | 1592834422305547 | 0 | 1592834422345974 | 37 | 0x444f4f% | 1592834422305547 | 1592834422369443 | 37
$ | 1592834422375973 | 1592834422371395 | 0 | 1592834422375974 | 37 | 0x444f4b$ | 1592834422405975 | 1592834422371395 | 0 | 1592834422405975 | 37 | 0x444f4b% | 1592834422371395 | 1592834422435164 | 37
$ | 1592834422435970 | 1592834422435197 | 0 | 1592834422435970 | 26 | 0x7fb230e8a4a3% | 1592834422435197 | 1592834422436369 | 26
$ | 1592834422465976 | 1592834422437011 | 0 | 1592834422465976 | 37 | 0x444f4f$ | 1592834422495974 | 1592834422437011 | 0 | 1592834422495974 | 37 | 0x444f4b% | 1592834422437011 | 1592834422500908 | 37
$ | 1592834422525975 | 1592834422502681 | 0 | 1592834422525975 | 37 | 0x444f4b$ | 1592834422555975 | 1592834422502681 | 0 | 1592834422555976 | 37 | 0x444f41% | 1592834422502681 | 1592834422566629 | 37
$ | 1592834422585974 | 1592834422568600 | 0 | 1592834422585974 | 37 | 0x444f37$ | 1592834422615975 | 1592834422568600 | 0 | 1592834422615975 | 37 | 0x444f4b% | 1592834422568600 | 1592834422632371 | 37
# exe: /lustrehome/home/s.engkadac/profiling/wave2d/tau/ex05-with-taucompilers-tracing/wave2d
# node: 3
# thread: 0
