# Format version: 0.2
# $ | <timestamp> | <delta-begin> | <delta-end> | <metric 1> ... <metric N> | <tau callpath> | <location> [ PC callstack ]
# % | <delta-begin metric 1> ... <delta-begin metric N> | <delta-end metric 1> ... <delta-end metric N> | <tau callpath>
# Metrics: TIME
$ | 1592834415955330 | 1592834415929518 | 0 | 1592834415955330 | 15 | 0x4450a8$ | 1592834415985330 | 1592834415929518 | 0 | 1592834415985330 | 15 | 0x4450d0$ | 1592834416015327 | 1592834415989050 | 0 | 1592834416015327 | 18 | 0x4452b3$ | 1592834416045324 | 1592834415989050 | 0 | 1592834416045324 | 18 | 0x44523c$ | 1592834416075323 | 1592834415989050 | 0 | 1592834416075324 | 18 | 0x44523c% | 1592834415989050 | 1592834416104394 | 18
% | 1592834415929518 | 1592834416104396 | 15
$ | 1592834416105330 | 1592834416104882 | 0 | 1592834416105330 | 37 | 0x444f37$ | 1592834416135332 | 1592834416104882 | 0 | 1592834416135332 | 37 | 0x444f30$ | 1592834416165329 | 1592834416104882 | 0 | 1592834416165329 | 37 | 0x444f41% | 1592834416104882 | 1592834416170428 | 37
$ | 1592834416195332 | 1592834416170612 | 0 | 1592834416195332 | 37 | 0x444f45$ | 1592834416225331 | 1592834416170612 | 0 | 1592834416225331 | 37 | 0x444f4b% | 1592834416170612 | 1592834416234548 | 37
$ | 1592834416255332 | 1592834416234861 | 0 | 1592834416255332 | 37 | 0x444f4b$ | 1592834416285331 | 1592834416234861 | 0 | 1592834416285331 | 37 | 0x444f55% | 1592834416234861 | 1592834416299027 | 37
$ | 1592834416315330 | 1592834416299418 | 0 | 1592834416315330 | 37 | 0x444f26$ | 1592834416345332 | 1592834416299418 | 0 | 1592834416345332 | 37 | 0x444f4b% | 1592834416299418 | 1592834416363312 | 37
$ | 1592834416375332 | 1592834416363687 | 0 | 1592834416375332 | 37 | 0x444f4f$ | 1592834416405333 | 1592834416363687 | 0 | 1592834416405333 | 37 | 0x444f45% | 1592834416363687 | 1592834416427665 | 37
$ | 1592834416435331 | 1592834416427974 | 0 | 1592834416435331 | 37 | 0x444f4f$ | 1592834416465330 | 1592834416427974 | 0 | 1592834416465331 | 37 | 0x444f41% | 1592834416427974 | 1592834416492116 | 37
$ | 1592834416495330 | 1592834416492428 | 0 | 1592834416495330 | 37 | 0x444f55$ | 1592834416525330 | 1592834416492428 | 0 | 1592834416525331 | 37 | 0x444f4b$ | 1592834416555331 | 1592834416492428 | 0 | 1592834416555331 | 37 | 0x444f41% | 1592834416492428 | 1592834416556354 | 37
$ | 1592834416585332 | 1592834416556660 | 0 | 1592834416585332 | 37 | 0x444f41$ | 1592834416615330 | 1592834416556660 | 0 | 1592834416615331 | 37 | 0x444f41% | 1592834416556660 | 1592834416620633 | 37
$ | 1592834416645331 | 1592834416620929 | 0 | 1592834416645331 | 37 | 0x444f37$ | 1592834416675330 | 1592834416620929 | 0 | 1592834416675330 | 37 | 0x444f15% | 1592834416620929 | 1592834416685073 | 37
$ | 1592834416705332 | 1592834416685418 | 0 | 1592834416705332 | 37 | 0x444f41$ | 1592834416735331 | 1592834416685418 | 0 | 1592834416735331 | 37 | 0x444f4b% | 1592834416685418 | 1592834416749361 | 37
$ | 1592834416765332 | 1592834416749714 | 0 | 1592834416765333 | 37 | 0x444f4b$ | 1592834416795331 | 1592834416749714 | 0 | 1592834416795331 | 37 | 0x444f41% | 1592834416749714 | 1592834416813727 | 37
$ | 1592834416825331 | 1592834416814013 | 0 | 1592834416825331 | 37 | 0x444f4b$ | 1592834416855331 | 1592834416814013 | 0 | 1592834416855331 | 37 | 0x444f41% | 1592834416814013 | 1592834416878146 | 37
$ | 1592834416885331 | 1592834416878483 | 0 | 1592834416885331 | 37 | 0x444f4b$ | 1592834416915331 | 1592834416878483 | 0 | 1592834416915331 | 37 | 0x444f41% | 1592834416878483 | 1592834416942403 | 37
$ | 1592834416945330 | 1592834416942671 | 0 | 1592834416945330 | 37 | 0x444f41$ | 1592834416975331 | 1592834416942671 | 0 | 1592834416975332 | 37 | 0x444f4b$ | 1592834417005330 | 1592834416942671 | 0 | 1592834417005330 | 37 | 0x444f55% | 1592834416942671 | 1592834417006612 | 37
$ | 1592834417035331 | 1592834417007041 | 0 | 1592834417035332 | 37 | 0x444f41$ | 1592834417065331 | 1592834417007041 | 0 | 1592834417065331 | 37 | 0x444f4b% | 1592834417007041 | 1592834417071108 | 37
$ | 1592834417095331 | 1592834417071499 | 0 | 1592834417095331 | 37 | 0x444f41$ | 1592834417125331 | 1592834417071499 | 0 | 1592834417125331 | 37 | 0x444f4b% | 1592834417071499 | 1592834417135451 | 37
$ | 1592834417155331 | 1592834417135783 | 0 | 1592834417155331 | 37 | 0x444f1d$ | 1592834417185332 | 1592834417135783 | 0 | 1592834417185332 | 37 | 0x444f4b% | 1592834417135783 | 1592834417199820 | 37
$ | 1592834417215332 | 1592834417200137 | 0 | 1592834417215332 | 37 | 0x444f4b$ | 1592834417245331 | 1592834417200137 | 0 | 1592834417245331 | 37 | 0x444f4b% | 1592834417200137 | 1592834417264263 | 37
$ | 1592834417275332 | 1592834417264563 | 0 | 1592834417275332 | 37 | 0x444f4b$ | 1592834417305330 | 1592834417264563 | 0 | 1592834417305330 | 37 | 0x444f4b% | 1592834417264563 | 1592834417328492 | 37
$ | 1592834417335331 | 1592834417328822 | 0 | 1592834417335331 | 37 | 0x444f41$ | 1592834417365331 | 1592834417328822 | 0 | 1592834417365331 | 37 | 0x444f41% | 1592834417328822 | 1592834417392832 | 37
$ | 1592834417395330 | 1592834417393088 | 0 | 1592834417395331 | 37 | 0x444f41$ | 1592834417425331 | 1592834417393088 | 0 | 1592834417425331 | 37 | 0x444f41$ | 1592834417455330 | 1592834417393088 | 0 | 1592834417455331 | 37 | 0x444f41% | 1592834417393088 | 1592834417457243 | 37
$ | 1592834417485331 | 1592834417457576 | 0 | 1592834417485331 | 37 | 0x444f4b$ | 1592834417515331 | 1592834417457576 | 0 | 1592834417515331 | 37 | 0x444f4b% | 1592834417457576 | 1592834417521493 | 37
$ | 1592834417545330 | 1592834417521841 | 0 | 1592834417545331 | 37 | 0x444f55$ | 1592834417575331 | 1592834417521841 | 0 | 1592834417575331 | 37 | 0x444f4b% | 1592834417521841 | 1592834417585817 | 37
$ | 1592834417605331 | 1592834417586155 | 0 | 1592834417605331 | 37 | 0x444f41$ | 1592834417635330 | 1592834417586155 | 0 | 1592834417635330 | 37 | 0x444f4b% | 1592834417586155 | 1592834417650281 | 37
$ | 1592834417665332 | 1592834417650573 | 0 | 1592834417665332 | 37 | 0x444f4b$ | 1592834417695331 | 1592834417650573 | 0 | 1592834417695331 | 37 | 0x444f41% | 1592834417650573 | 1592834417714484 | 37
$ | 1592834417725331 | 1592834417714876 | 0 | 1592834417725332 | 37 | 0x444f4b$ | 1592834417755330 | 1592834417714876 | 0 | 1592834417755331 | 37 | 0x444f4b% | 1592834417714876 | 1592834417778876 | 37
$ | 1592834417785331 | 1592834417779169 | 0 | 1592834417785332 | 37 | 0x444f4b$ | 1592834417815330 | 1592834417779169 | 0 | 1592834417815330 | 37 | 0x444f1d% | 1592834417779169 | 1592834417843327 | 37
$ | 1592834417845329 | 1592834417843595 | 0 | 1592834417845329 | 37 | 0x444f45$ | 1592834417875331 | 1592834417843595 | 0 | 1592834417875331 | 37 | 0x444f41$ | 1592834417905332 | 1592834417843595 | 0 | 1592834417905332 | 37 | 0x444f37% | 1592834417843595 | 1592834417907556 | 37
$ | 1592834417935331 | 1592834417907864 | 0 | 1592834417935331 | 37 | 0x444f55$ | 1592834417965331 | 1592834417907864 | 0 | 1592834417965331 | 37 | 0x444f45% | 1592834417907864 | 1592834417971831 | 37
$ | 1592834417995331 | 1592834417972160 | 0 | 1592834417995331 | 37 | 0x444f41$ | 1592834418025330 | 1592834417972160 | 0 | 1592834418025331 | 37 | 0x444f41% | 1592834417972160 | 1592834418036302 | 37
$ | 1592834418055332 | 1592834418036596 | 0 | 1592834418055332 | 37 | 0x444f4b$ | 1592834418085331 | 1592834418036596 | 0 | 1592834418085332 | 37 | 0x444f37% | 1592834418036596 | 1592834418100511 | 37
$ | 1592834418115331 | 1592834418100881 | 0 | 1592834418115332 | 37 | 0x444f55$ | 1592834418145331 | 1592834418100881 | 0 | 1592834418145332 | 37 | 0x444f4b% | 1592834418100881 | 1592834418164924 | 37
$ | 1592834418175331 | 1592834418165213 | 0 | 1592834418175331 | 37 | 0x444f41$ | 1592834418205332 | 1592834418165213 | 0 | 1592834418205333 | 37 | 0x444f55% | 1592834418165213 | 1592834418229386 | 37
$ | 1592834418235331 | 1592834418229648 | 0 | 1592834418235331 | 37 | 0x444f41$ | 1592834418265331 | 1592834418229648 | 0 | 1592834418265331 | 37 | 0x444f41% | 1592834418229648 | 1592834418293507 | 37
$ | 1592834418295330 | 1592834418293923 | 0 | 1592834418295330 | 37 | 0x444f41$ | 1592834418325333 | 1592834418293923 | 0 | 1592834418325333 | 37 | 0x444f26$ | 1592834418355333 | 1592834418293923 | 0 | 1592834418355333 | 37 | 0x444f41% | 1592834418293923 | 1592834418359687 | 37
$ | 1592834418385334 | 1592834418359871 | 0 | 1592834418385334 | 37 | 0x444f55$ | 1592834418415330 | 1592834418359871 | 0 | 1592834418415331 | 37 | 0x444f4b% | 1592834418359871 | 1592834418425518 | 37
$ | 1592834418445332 | 1592834418425711 | 0 | 1592834418445333 | 37 | 0x444f41$ | 1592834418475331 | 1592834418425711 | 0 | 1592834418475331 | 37 | 0x444f4f% | 1592834418425711 | 1592834418491177 | 37
$ | 1592834418505332 | 1592834418491356 | 0 | 1592834418505333 | 37 | 0x444f4b$ | 1592834418535332 | 1592834418491356 | 0 | 1592834418535332 | 37 | 0x444f4f% | 1592834418491356 | 1592834418556916 | 37
$ | 1592834418565333 | 1592834418557099 | 0 | 1592834418565333 | 37 | 0x444f4b$ | 1592834418595331 | 1592834418557099 | 0 | 1592834418595331 | 37 | 0x444f45% | 1592834418557099 | 1592834418622767 | 37
$ | 1592834418625332 | 1592834418622951 | 0 | 1592834418625332 | 37 | 0x444f4b$ | 1592834418655331 | 1592834418622951 | 0 | 1592834418655331 | 37 | 0x444f4b$ | 1592834418685330 | 1592834418622951 | 0 | 1592834418685331 | 37 | 0x444f4b% | 1592834418622951 | 1592834418688443 | 37
$ | 1592834418715332 | 1592834418688624 | 0 | 1592834418715332 | 37 | 0x444f41$ | 1592834418745332 | 1592834418688624 | 0 | 1592834418745332 | 37 | 0x444f37% | 1592834418688624 | 1592834418754150 | 37
$ | 1592834418775331 | 1592834418754339 | 0 | 1592834418775332 | 37 | 0x444f37$ | 1592834418805332 | 1592834418754339 | 0 | 1592834418805332 | 37 | 0x444f1d% | 1592834418754339 | 1592834418820035 | 37
$ | 1592834418835331 | 1592834418820220 | 0 | 1592834418835332 | 37 | 0x444f41$ | 1592834418865331 | 1592834418820220 | 0 | 1592834418865331 | 37 | 0x444f41% | 1592834418820220 | 1592834418885707 | 37
$ | 1592834418895331 | 1592834418885888 | 0 | 1592834418895331 | 37 | 0x444f4b$ | 1592834418925331 | 1592834418885888 | 0 | 1592834418925331 | 37 | 0x444f41% | 1592834418885888 | 1592834418951397 | 37
$ | 1592834418955333 | 1592834418951579 | 0 | 1592834418955333 | 37 | 0x444f4b$ | 1592834418985331 | 1592834418951579 | 0 | 1592834418985331 | 37 | 0x444f1d$ | 1592834419015331 | 1592834418951579 | 0 | 1592834419015331 | 37 | 0x444f55% | 1592834418951579 | 1592834419017275 | 37
$ | 1592834419045332 | 1592834419017461 | 0 | 1592834419045332 | 37 | 0x444f41$ | 1592834419075330 | 1592834419017461 | 0 | 1592834419075330 | 37 | 0x444f4f% | 1592834419017461 | 1592834419082929 | 37
$ | 1592834419105332 | 1592834419083108 | 0 | 1592834419105332 | 37 | 0x444f4b$ | 1592834419135331 | 1592834419083108 | 0 | 1592834419135331 | 37 | 0x444f4b% | 1592834419083108 | 1592834419148631 | 37
$ | 1592834419165330 | 1592834419148814 | 0 | 1592834419165330 | 37 | 0x444f41$ | 1592834419195332 | 1592834419148814 | 0 | 1592834419195332 | 37 | 0x444f4f% | 1592834419148814 | 1592834419214598 | 37
$ | 1592834419225331 | 1592834419214780 | 0 | 1592834419225332 | 37 | 0x444f4b$ | 1592834419255331 | 1592834419214780 | 0 | 1592834419255331 | 37 | 0x444f4b% | 1592834419214780 | 1592834419280277 | 37
$ | 1592834419285331 | 1592834419280458 | 0 | 1592834419285331 | 37 | 0x444f41$ | 1592834419315331 | 1592834419280458 | 0 | 1592834419315331 | 37 | 0x444f4b$ | 1592834419345330 | 1592834419280458 | 0 | 1592834419345330 | 37 | 0x444f41% | 1592834419280458 | 1592834419345953 | 37
$ | 1592834419375331 | 1592834419346135 | 0 | 1592834419375332 | 37 | 0x444f41$ | 1592834419405331 | 1592834419346135 | 0 | 1592834419405331 | 37 | 0x444f4b% | 1592834419346135 | 1592834419411843 | 37
$ | 1592834419435332 | 1592834419412028 | 0 | 1592834419435332 | 37 | 0x444f4b$ | 1592834419465331 | 1592834419412028 | 0 | 1592834419465331 | 37 | 0x444f4b% | 1592834419412028 | 1592834419477475 | 37
$ | 1592834419495333 | 1592834419477659 | 0 | 1592834419495333 | 37 | 0x444f4b$ | 1592834419525330 | 1592834419477659 | 0 | 1592834419525331 | 37 | 0x444f37% | 1592834419477659 | 1592834419543204 | 37
$ | 1592834419555332 | 1592834419543386 | 0 | 1592834419555332 | 37 | 0x444f4b$ | 1592834419585331 | 1592834419543386 | 0 | 1592834419585331 | 37 | 0x444f45% | 1592834419543386 | 1592834419609095 | 37
$ | 1592834419615332 | 1592834419609284 | 0 | 1592834419615332 | 37 | 0x444f55$ | 1592834419645332 | 1592834419609284 | 0 | 1592834419645332 | 37 | 0x444f41% | 1592834419609284 | 1592834419674959 | 37
$ | 1592834419675329 | 1592834419675143 | 0 | 1592834419675329 | 37 | 0x444f4b$ | 1592834419705331 | 1592834419675143 | 0 | 1592834419705331 | 37 | 0x444f41$ | 1592834419735331 | 1592834419675143 | 0 | 1592834419735331 | 37 | 0x444f26% | 1592834419675143 | 1592834419740679 | 37
$ | 1592834419765332 | 1592834419740862 | 0 | 1592834419765332 | 37 | 0x444f41$ | 1592834419795331 | 1592834419740862 | 0 | 1592834419795331 | 37 | 0x444f4f% | 1592834419740862 | 1592834419806579 | 37
$ | 1592834419825332 | 1592834419806763 | 0 | 1592834419825332 | 37 | 0x444f45$ | 1592834419855332 | 1592834419806763 | 0 | 1592834419855332 | 37 | 0x444f4b% | 1592834419806763 | 1592834419872297 | 37
$ | 1592834419885332 | 1592834419872480 | 0 | 1592834419885332 | 37 | 0x444f41$ | 1592834419915331 | 1592834419872480 | 0 | 1592834419915331 | 37 | 0x444f37% | 1592834419872480 | 1592834419938005 | 37
$ | 1592834419945332 | 1592834419938193 | 0 | 1592834419945332 | 37 | 0x444f41$ | 1592834419975331 | 1592834419938193 | 0 | 1592834419975332 | 37 | 0x444f4b% | 1592834419938193 | 1592834420003889 | 37
$ | 1592834420005330 | 1592834420004075 | 0 | 1592834420005330 | 37 | 0x444f4b$ | 1592834420035331 | 1592834420004075 | 0 | 1592834420035331 | 37 | 0x444f45$ | 1592834420065331 | 1592834420004075 | 0 | 1592834420065332 | 37 | 0x444f55% | 1592834420004075 | 1592834420069561 | 37
$ | 1592834420095332 | 1592834420069739 | 0 | 1592834420095333 | 37 | 0x444f4b$ | 1592834420125332 | 1592834420069739 | 0 | 1592834420125332 | 37 | 0x444f4b% | 1592834420069739 | 1592834420135261 | 37
$ | 1592834420155332 | 1592834420135444 | 0 | 1592834420155332 | 37 | 0x444f41$ | 1592834420185332 | 1592834420135444 | 0 | 1592834420185332 | 37 | 0x444f4b% | 1592834420135444 | 1592834420201284 | 37
$ | 1592834420215332 | 1592834420201474 | 0 | 1592834420215332 | 37 | 0x444f41$ | 1592834420245332 | 1592834420201474 | 0 | 1592834420245332 | 37 | 0x444f26% | 1592834420201474 | 1592834420266992 | 37
$ | 1592834420275332 | 1592834420267174 | 0 | 1592834420275332 | 37 | 0x444f45$ | 1592834420305331 | 1592834420267174 | 0 | 1592834420305331 | 37 | 0x444f4b% | 1592834420267174 | 1592834420332677 | 37
$ | 1592834420335330 | 1592834420332864 | 0 | 1592834420335331 | 37 | 0x444f4f$ | 1592834420365331 | 1592834420332864 | 0 | 1592834420365331 | 37 | 0x444f4b$ | 1592834420395332 | 1592834420332864 | 0 | 1592834420395332 | 37 | 0x444f37% | 1592834420332864 | 1592834420398535 | 37
$ | 1592834420425331 | 1592834420398716 | 0 | 1592834420425332 | 37 | 0x444f4b$ | 1592834420455331 | 1592834420398716 | 0 | 1592834420455331 | 37 | 0x444f4b% | 1592834420398716 | 1592834420464139 | 37
$ | 1592834420485331 | 1592834420464320 | 0 | 1592834420485331 | 37 | 0x444f41$ | 1592834420515332 | 1592834420464320 | 0 | 1592834420515332 | 37 | 0x444f1d% | 1592834420464320 | 1592834420529806 | 37
$ | 1592834420545333 | 1592834420529986 | 0 | 1592834420545333 | 37 | 0x444f4b$ | 1592834420575331 | 1592834420529986 | 0 | 1592834420575331 | 37 | 0x444f4b% | 1592834420529986 | 1592834420595696 | 37
$ | 1592834420605332 | 1592834420595881 | 0 | 1592834420605332 | 37 | 0x444f41$ | 1592834420635331 | 1592834420595881 | 0 | 1592834420635332 | 37 | 0x444f4b% | 1592834420595881 | 1592834420661372 | 37
$ | 1592834420665331 | 1592834420661555 | 0 | 1592834420665331 | 37 | 0x444f41$ | 1592834420695331 | 1592834420661555 | 0 | 1592834420695332 | 37 | 0x444f41$ | 1592834420725331 | 1592834420661555 | 0 | 1592834420725331 | 37 | 0x444f4b% | 1592834420661555 | 1592834420727139 | 37
$ | 1592834420755332 | 1592834420727321 | 0 | 1592834420755332 | 37 | 0x444f30$ | 1592834420785331 | 1592834420727321 | 0 | 1592834420785331 | 37 | 0x444f55% | 1592834420727321 | 1592834420792983 | 37
$ | 1592834420815331 | 1592834420793165 | 0 | 1592834420815332 | 37 | 0x444f4f$ | 1592834420845331 | 1592834420793165 | 0 | 1592834420845331 | 37 | 0x444f55% | 1592834420793165 | 1592834420858714 | 37
$ | 1592834420875332 | 1592834420858898 | 0 | 1592834420875332 | 37 | 0x444f55$ | 1592834420905332 | 1592834420858898 | 0 | 1592834420905332 | 37 | 0x444f4b% | 1592834420858898 | 1592834420924556 | 37
$ | 1592834420935332 | 1592834420924744 | 0 | 1592834420935332 | 37 | 0x444f41$ | 1592834420965332 | 1592834420924744 | 0 | 1592834420965332 | 37 | 0x444f41% | 1592834420924744 | 1592834420990423 | 37
$ | 1592834420995332 | 1592834420990609 | 0 | 1592834420995332 | 37 | 0x444f41$ | 1592834421025331 | 1592834420990609 | 0 | 1592834421025331 | 37 | 0x444f1d$ | 1592834421055332 | 1592834420990609 | 0 | 1592834421055332 | 37 | 0x444f4b% | 1592834420990609 | 1592834421056089 | 37
$ | 1592834421085331 | 1592834421056276 | 0 | 1592834421085331 | 37 | 0x444f41$ | 1592834421115331 | 1592834421056276 | 0 | 1592834421115331 | 37 | 0x444f45% | 1592834421056276 | 1592834421121754 | 37
$ | 1592834421145332 | 1592834421121936 | 0 | 1592834421145332 | 37 | 0x444f55$ | 1592834421175331 | 1592834421121936 | 0 | 1592834421175331 | 37 | 0x444f41% | 1592834421121936 | 1592834421187630 | 37
$ | 1592834421205331 | 1592834421187816 | 0 | 1592834421205331 | 37 | 0x444f45$ | 1592834421235330 | 1592834421187816 | 0 | 1592834421235331 | 37 | 0x444f4f% | 1592834421187816 | 1592834421253321 | 37
$ | 1592834421265332 | 1592834421253501 | 0 | 1592834421265332 | 37 | 0x444f37$ | 1592834421295332 | 1592834421253501 | 0 | 1592834421295332 | 37 | 0x444f55% | 1592834421253501 | 1592834421319067 | 37
$ | 1592834421325331 | 1592834421319256 | 0 | 1592834421325331 | 37 | 0x444f4b$ | 1592834421355330 | 1592834421319256 | 0 | 1592834421355330 | 37 | 0x444f41% | 1592834421319256 | 1592834421384968 | 37
$ | 1592834421385328 | 1592834421385155 | 0 | 1592834421385328 | 37 | 0x444f41$ | 1592834421415333 | 1592834421385155 | 0 | 1592834421415333 | 37 | 0x444f4b$ | 1592834421445331 | 1592834421385155 | 0 | 1592834421445331 | 37 | 0x444f37% | 1592834421385155 | 1592834421450637 | 37
$ | 1592834421475331 | 1592834421450820 | 0 | 1592834421475331 | 37 | 0x444f55$ | 1592834421505331 | 1592834421450820 | 0 | 1592834421505331 | 37 | 0x444f55% | 1592834421450820 | 1592834421516406 | 37
$ | 1592834421535331 | 1592834421516586 | 0 | 1592834421535332 | 37 | 0x444f4b$ | 1592834421565331 | 1592834421516586 | 0 | 1592834421565331 | 37 | 0x444f37% | 1592834421516586 | 1592834421582261 | 37
$ | 1592834421595332 | 1592834421582445 | 0 | 1592834421595332 | 37 | 0x444f4b$ | 1592834421625331 | 1592834421582445 | 0 | 1592834421625331 | 37 | 0x444f45% | 1592834421582445 | 1592834421647937 | 37
$ | 1592834421655331 | 1592834421648122 | 0 | 1592834421655332 | 37 | 0x444f4b$ | 1592834421685331 | 1592834421648122 | 0 | 1592834421685331 | 37 | 0x444f4b% | 1592834421648122 | 1592834421713617 | 37
$ | 1592834421715330 | 1592834421713796 | 0 | 1592834421715330 | 37 | 0x444f37$ | 1592834421745331 | 1592834421713796 | 0 | 1592834421745331 | 37 | 0x444f41$ | 1592834421775330 | 1592834421713796 | 0 | 1592834421775331 | 37 | 0x444f4b% | 1592834421713796 | 1592834421779438 | 37
$ | 1592834421805332 | 1592834421779627 | 0 | 1592834421805333 | 37 | 0x444f4b$ | 1592834421835331 | 1592834421779627 | 0 | 1592834421835331 | 37 | 0x444f4f% | 1592834421779627 | 1592834421845073 | 37
$ | 1592834421865332 | 1592834421845248 | 0 | 1592834421865332 | 37 | 0x444f41$ | 1592834421895331 | 1592834421845248 | 0 | 1592834421895332 | 37 | 0x444f41% | 1592834421845248 | 1592834421910806 | 37
$ | 1592834421925331 | 1592834421910992 | 0 | 1592834421925332 | 37 | 0x444f30$ | 1592834421955331 | 1592834421910992 | 0 | 1592834421955331 | 37 | 0x444f41% | 1592834421910992 | 1592834421976689 | 37
$ | 1592834421985332 | 1592834421976870 | 0 | 1592834421985332 | 37 | 0x444f4b$ | 1592834422015331 | 1592834421976870 | 0 | 1592834422015331 | 37 | 0x444f55% | 1592834421976870 | 1592834422042339 | 37
$ | 1592834422045330 | 1592834422042524 | 0 | 1592834422045330 | 37 | 0x444f26$ | 1592834422075332 | 1592834422042524 | 0 | 1592834422075332 | 37 | 0x444f4b$ | 1592834422105331 | 1592834422042524 | 0 | 1592834422105331 | 37 | 0x444f41% | 1592834422042524 | 1592834422108083 | 37
$ | 1592834422135332 | 1592834422108266 | 0 | 1592834422135332 | 37 | 0x444f37$ | 1592834422165347 | 1592834422108266 | 0 | 1592834422165347 | 37 | 0x444f4b% | 1592834422108266 | 1592834422173968 | 37
$ | 1592834422195331 | 1592834422174159 | 0 | 1592834422195331 | 37 | 0x444f1d$ | 1592834422225331 | 1592834422174159 | 0 | 1592834422225331 | 37 | 0x444f4b% | 1592834422174159 | 1592834422239631 | 37
$ | 1592834422255331 | 1592834422239812 | 0 | 1592834422255332 | 37 | 0x444f45$ | 1592834422285332 | 1592834422239812 | 0 | 1592834422285332 | 37 | 0x444f4b% | 1592834422239812 | 1592834422305363 | 37
$ | 1592834422315331 | 1592834422305549 | 0 | 1592834422315332 | 37 | 0x444f4b$ | 1592834422345331 | 1592834422305549 | 0 | 1592834422345331 | 37 | 0x444f4b% | 1592834422305549 | 1592834422371212 | 37
$ | 1592834422375329 | 1592834422371397 | 0 | 1592834422375329 | 37 | 0x444f4b$ | 1592834422405331 | 1592834422371397 | 0 | 1592834422405331 | 37 | 0x444f4f$ | 1592834422435331 | 1592834422371397 | 0 | 1592834422435332 | 37 | 0x444f55% | 1592834422371397 | 1592834422436831 | 37
$ | 1592834422465332 | 1592834422437008 | 0 | 1592834422465332 | 37 | 0x444f4f$ | 1592834422495332 | 1592834422437008 | 0 | 1592834422495332 | 37 | 0x444f4b% | 1592834422437008 | 1592834422502503 | 37
$ | 1592834422525332 | 1592834422502684 | 0 | 1592834422525332 | 37 | 0x444f37$ | 1592834422555331 | 1592834422502684 | 0 | 1592834422555331 | 37 | 0x444f4b% | 1592834422502684 | 1592834422568415 | 37
$ | 1592834422585333 | 1592834422568598 | 0 | 1592834422585333 | 37 | 0x444f55$ | 1592834422615331 | 1592834422568598 | 0 | 1592834422615331 | 37 | 0x444f4b% | 1592834422568598 | 1592834422634125 | 37
# exe: /lustrehome/home/s.engkadac/profiling/wave2d/tau/ex05-with-taucompilers-tracing/wave2d
# node: 2
# thread: 0
