# Format version: 0.2
# $ | <timestamp> | <delta-begin> | <delta-end> | <metric 1> ... <metric N> | <tau callpath> | <location> [ PC callstack ]
# % | <delta-begin metric 1> ... <delta-begin metric N> | <delta-end metric 1> ... <delta-end metric N> | <tau callpath>
# Metrics: TIME
$ | 1592834415955013 | 1592834415929493 | 0 | 1592834415955014 | 15 | 0x4450a8$ | 1592834415985007 | 1592834415929493 | 0 | 1592834415985008 | 15 | 0x4450d0$ | 1592834416015001 | 1592834415988942 | 0 | 1592834416015001 | 18 | 0x44523c$ | 1592834416044997 | 1592834415988942 | 0 | 1592834416044997 | 18 | 0x44523c$ | 1592834416074997 | 1592834415988942 | 0 | 1592834416074997 | 18 | 0x44521e% | 1592834415988942 | 1592834416104287 | 18
% | 1592834415929493 | 1592834416104289 | 15
$ | 1592834416105001 | 1592834416104835 | 0 | 1592834416105001 | 37 | 0x444f55$ | 1592834416135013 | 1592834416104835 | 0 | 1592834416135013 | 37 | 0x444f4b$ | 1592834416165007 | 1592834416104835 | 0 | 1592834416165007 | 37 | 0x444f4b% | 1592834416104835 | 1592834416170276 | 37
$ | 1592834416195016 | 1592834416170570 | 0 | 1592834416195016 | 37 | 0x444f4b$ | 1592834416225012 | 1592834416170570 | 0 | 1592834416225012 | 37 | 0x444f41% | 1592834416170570 | 1592834416234556 | 37
$ | 1592834416255015 | 1592834416234776 | 0 | 1592834416255015 | 37 | 0x444f37$ | 1592834416285009 | 1592834416234776 | 0 | 1592834416285009 | 37 | 0x444f26% | 1592834416234776 | 1592834416298746 | 37
$ | 1592834416315014 | 1592834416298976 | 0 | 1592834416315014 | 37 | 0x444f4b$ | 1592834416345013 | 1592834416298976 | 0 | 1592834416345013 | 37 | 0x444f4b% | 1592834416298976 | 1592834416362823 | 37
$ | 1592834416375014 | 1592834416363424 | 0 | 1592834416375014 | 37 | 0x444f4b$ | 1592834416405011 | 1592834416363424 | 0 | 1592834416405012 | 37 | 0x444f4b% | 1592834416363424 | 1592834416427439 | 37
$ | 1592834416435011 | 1592834416427871 | 0 | 1592834416435011 | 37 | 0x444f37$ | 1592834416465010 | 1592834416427871 | 0 | 1592834416465011 | 37 | 0x444f4b% | 1592834416427871 | 1592834416491889 | 37
$ | 1592834416495009 | 1592834416492069 | 0 | 1592834416495009 | 37 | 0x444f4b$ | 1592834416525012 | 1592834416492069 | 0 | 1592834416525013 | 37 | 0x444f37$ | 1592834416555012 | 1592834416492069 | 0 | 1592834416555012 | 37 | 0x444f41% | 1592834416492069 | 1592834416555944 | 37
$ | 1592834416585014 | 1592834416556453 | 0 | 1592834416585014 | 37 | 0x444f37$ | 1592834416615012 | 1592834416556453 | 0 | 1592834416615012 | 37 | 0x444f4b% | 1592834416556453 | 1592834416620445 | 37
$ | 1592834416645012 | 1592834416620784 | 0 | 1592834416645012 | 37 | 0x444f55$ | 1592834416675012 | 1592834416620784 | 0 | 1592834416675012 | 37 | 0x444f4b% | 1592834416620784 | 1592834416684768 | 37
$ | 1592834416705013 | 1592834416684994 | 0 | 1592834416705013 | 37 | 0x444f41$ | 1592834416735012 | 1592834416684994 | 0 | 1592834416735012 | 37 | 0x444f4b% | 1592834416684994 | 1592834416748837 | 37
$ | 1592834416765013 | 1592834416749455 | 0 | 1592834416765013 | 37 | 0x444f41$ | 1592834416795012 | 1592834416749455 | 0 | 1592834416795012 | 37 | 0x444f4b% | 1592834416749455 | 1592834416813476 | 37
$ | 1592834416825013 | 1592834416813798 | 0 | 1592834416825013 | 37 | 0x444f4b$ | 1592834416855012 | 1592834416813798 | 0 | 1592834416855013 | 37 | 0x444f4b% | 1592834416813798 | 1592834416877793 | 37
$ | 1592834416885011 | 1592834416878106 | 0 | 1592834416885011 | 37 | 0x444f4b$ | 1592834416915010 | 1592834416878106 | 0 | 1592834416915011 | 37 | 0x444f55% | 1592834416878106 | 1592834416941941 | 37
$ | 1592834416945008 | 1592834416942497 | 0 | 1592834416945008 | 37 | 0x444f4b$ | 1592834416975012 | 1592834416942497 | 0 | 1592834416975012 | 37 | 0x444f4b$ | 1592834417005012 | 1592834416942497 | 0 | 1592834417005012 | 37 | 0x444f41% | 1592834416942497 | 1592834417006502 | 37
$ | 1592834417035011 | 1592834417006804 | 0 | 1592834417035011 | 37 | 0x444f15$ | 1592834417065012 | 1592834417006804 | 0 | 1592834417065013 | 37 | 0x444f41% | 1592834417006804 | 1592834417070792 | 37
$ | 1592834417095015 | 1592834417071117 | 0 | 1592834417095015 | 37 | 0x444f4b$ | 1592834417125012 | 1592834417071117 | 0 | 1592834417125012 | 37 | 0x444f4b% | 1592834417071117 | 1592834417135016 | 37
$ | 1592834417155014 | 1592834417135476 | 0 | 1592834417155014 | 37 | 0x444f45$ | 1592834417185014 | 1592834417135476 | 0 | 1592834417185014 | 37 | 0x444f4b% | 1592834417135476 | 1592834417199521 | 37
$ | 1592834417215014 | 1592834417199985 | 0 | 1592834417215014 | 37 | 0x444f41$ | 1592834417245011 | 1592834417199985 | 0 | 1592834417245011 | 37 | 0x444f4b% | 1592834417199985 | 1592834417263984 | 37
$ | 1592834417275014 | 1592834417264223 | 0 | 1592834417275014 | 37 | 0x444f4b$ | 1592834417305011 | 1592834417264223 | 0 | 1592834417305012 | 37 | 0x444f4b% | 1592834417264223 | 1592834417328053 | 37
$ | 1592834417335010 | 1592834417328569 | 0 | 1592834417335010 | 37 | 0x444f45$ | 1592834417365011 | 1592834417328569 | 0 | 1592834417365011 | 37 | 0x444f20% | 1592834417328569 | 1592834417392508 | 37
$ | 1592834417395007 | 1592834417392964 | 0 | 1592834417395007 | 37 | 0x444f45$ | 1592834417425010 | 1592834417392964 | 0 | 1592834417425010 | 37 | 0x444f4b$ | 1592834417455012 | 1592834417392964 | 0 | 1592834417455012 | 37 | 0x444f41% | 1592834417392964 | 1592834417456979 | 37
$ | 1592834417485014 | 1592834417457154 | 0 | 1592834417485015 | 37 | 0x444f55$ | 1592834417515012 | 1592834417457154 | 0 | 1592834417515012 | 37 | 0x444f45% | 1592834417457154 | 1592834417521034 | 37
$ | 1592834417545014 | 1592834417521585 | 0 | 1592834417545015 | 37 | 0x444f4f$ | 1592834417575012 | 1592834417521585 | 0 | 1592834417575012 | 37 | 0x444f4f% | 1592834417521585 | 1592834417585591 | 37
$ | 1592834417605014 | 1592834417585956 | 0 | 1592834417605014 | 37 | 0x444f55$ | 1592834417635012 | 1592834417585956 | 0 | 1592834417635013 | 37 | 0x444f41% | 1592834417585956 | 1592834417650001 | 37
$ | 1592834417665014 | 1592834417650238 | 0 | 1592834417665014 | 37 | 0x444f4b$ | 1592834417695013 | 1592834417650238 | 0 | 1592834417695013 | 37 | 0x444f4b% | 1592834417650238 | 1592834417714112 | 37
$ | 1592834417725012 | 1592834417714638 | 0 | 1592834417725013 | 37 | 0x444f41$ | 1592834417755012 | 1592834417714638 | 0 | 1592834417755012 | 37 | 0x444f41% | 1592834417714638 | 1592834417778616 | 37
$ | 1592834417785008 | 1592834417779013 | 0 | 1592834417785008 | 37 | 0x444f41$ | 1592834417815010 | 1592834417779013 | 0 | 1592834417815010 | 37 | 0x444f4b% | 1592834417779013 | 1592834417843010 | 37
$ | 1592834417845008 | 1592834417843260 | 0 | 1592834417845008 | 37 | 0x444f2c$ | 1592834417875012 | 1592834417843260 | 0 | 1592834417875012 | 37 | 0x444f1d$ | 1592834417905012 | 1592834417843260 | 0 | 1592834417905013 | 37 | 0x444f4b% | 1592834417843260 | 1592834417907210 | 37
$ | 1592834417935015 | 1592834417907691 | 0 | 1592834417935015 | 37 | 0x444f55$ | 1592834417965012 | 1592834417907691 | 0 | 1592834417965012 | 37 | 0x444f41% | 1592834417907691 | 1592834417971656 | 37
$ | 1592834417995012 | 1592834417971979 | 0 | 1592834417995012 | 37 | 0x444f4b$ | 1592834418025011 | 1592834417971979 | 0 | 1592834418025011 | 37 | 0x444f45% | 1592834417971979 | 1592834418036024 | 37
$ | 1592834418055015 | 1592834418036273 | 0 | 1592834418055015 | 37 | 0x444f4b$ | 1592834418085012 | 1592834418036273 | 0 | 1592834418085013 | 37 | 0x444f41% | 1592834418036273 | 1592834418100162 | 37
$ | 1592834418115014 | 1592834418100616 | 0 | 1592834418115014 | 37 | 0x444f45$ | 1592834418145010 | 1592834418100616 | 0 | 1592834418145010 | 37 | 0x444f26% | 1592834418100616 | 1592834418164686 | 37
$ | 1592834418175012 | 1592834418165005 | 0 | 1592834418175012 | 37 | 0x444f41$ | 1592834418205011 | 1592834418165005 | 0 | 1592834418205011 | 37 | 0x444f4b% | 1592834418165005 | 1592834418229009 | 37
$ | 1592834418235009 | 1592834418229354 | 0 | 1592834418235009 | 37 | 0x444f55$ | 1592834418265011 | 1592834418229354 | 0 | 1592834418265011 | 37 | 0x444f37% | 1592834418229354 | 1592834418293208 | 37
$ | 1592834418295008 | 1592834418293661 | 0 | 1592834418295008 | 37 | 0x444f4b$ | 1592834418325012 | 1592834418293661 | 0 | 1592834418325012 | 37 | 0x444f4b$ | 1592834418355011 | 1592834418293661 | 0 | 1592834418355011 | 37 | 0x444f4b% | 1592834418293661 | 1592834418359711 | 37
$ | 1592834418385017 | 1592834418359890 | 0 | 1592834418385018 | 37 | 0x444f15$ | 1592834418415011 | 1592834418359890 | 0 | 1592834418415011 | 37 | 0x444f4b% | 1592834418359890 | 1592834418425451 | 37
$ | 1592834418445013 | 1592834418425620 | 0 | 1592834418445013 | 37 | 0x444f26$ | 1592834418475013 | 1592834418425620 | 0 | 1592834418475013 | 37 | 0x444f4b% | 1592834418425620 | 1592834418491075 | 37
$ | 1592834418505012 | 1592834418491243 | 0 | 1592834418505012 | 37 | 0x444f41$ | 1592834418535011 | 1592834418491243 | 0 | 1592834418535012 | 37 | 0x444f26% | 1592834418491243 | 1592834418556835 | 37
$ | 1592834418565009 | 1592834418557002 | 0 | 1592834418565010 | 37 | 0x444f4b$ | 1592834418595011 | 1592834418557002 | 0 | 1592834418595011 | 37 | 0x444f41% | 1592834418557002 | 1592834418622542 | 37
$ | 1592834418625008 | 1592834418622698 | 0 | 1592834418625008 | 37 | 0x444f4b$ | 1592834418655013 | 1592834418622698 | 0 | 1592834418655013 | 37 | 0x444f4b$ | 1592834418685013 | 1592834418622698 | 0 | 1592834418685014 | 37 | 0x444f4b% | 1592834418622698 | 1592834418688148 | 37
$ | 1592834418715014 | 1592834418688303 | 0 | 1592834418715014 | 37 | 0x444f41$ | 1592834418745013 | 1592834418688303 | 0 | 1592834418745013 | 37 | 0x444f26% | 1592834418688303 | 1592834418753788 | 37
$ | 1592834418775014 | 1592834418753948 | 0 | 1592834418775014 | 37 | 0x444f41$ | 1592834418805012 | 1592834418753948 | 0 | 1592834418805012 | 37 | 0x444f4b% | 1592834418753948 | 1592834418819480 | 37
$ | 1592834418835014 | 1592834418819648 | 0 | 1592834418835015 | 37 | 0x444f4f$ | 1592834418865012 | 1592834418819648 | 0 | 1592834418865012 | 37 | 0x444f4b% | 1592834418819648 | 1592834418885098 | 37
$ | 1592834418895011 | 1592834418885405 | 0 | 1592834418895011 | 37 | 0x444f41$ | 1592834418925009 | 1592834418885405 | 0 | 1592834418925009 | 37 | 0x444f41% | 1592834418885405 | 1592834418950951 | 37
$ | 1592834418955008 | 1592834418951151 | 0 | 1592834418955008 | 37 | 0x444f4b$ | 1592834418985012 | 1592834418951151 | 0 | 1592834418985012 | 37 | 0x444f41$ | 1592834419015013 | 1592834418951151 | 0 | 1592834419015013 | 37 | 0x444f4b% | 1592834418951151 | 1592834419016735 | 37
$ | 1592834419045013 | 1592834419016901 | 0 | 1592834419045014 | 37 | 0x444f4b$ | 1592834419075011 | 1592834419016901 | 0 | 1592834419075011 | 37 | 0x444f41% | 1592834419016901 | 1592834419082323 | 37
$ | 1592834419105014 | 1592834419082552 | 0 | 1592834419105015 | 37 | 0x444f4b$ | 1592834419135012 | 1592834419082552 | 0 | 1592834419135012 | 37 | 0x444f4b% | 1592834419082552 | 1592834419148060 | 37
$ | 1592834419165009 | 1592834419148359 | 0 | 1592834419165010 | 37 | 0x444f45$ | 1592834419195012 | 1592834419148359 | 0 | 1592834419195013 | 37 | 0x444f41% | 1592834419148359 | 1592834419213957 | 37
$ | 1592834419225012 | 1592834419214185 | 0 | 1592834419225012 | 37 | 0x444f26$ | 1592834419255012 | 1592834419214185 | 0 | 1592834419255013 | 37 | 0x444f15% | 1592834419214185 | 1592834419279622 | 37
$ | 1592834419285009 | 1592834419279942 | 0 | 1592834419285009 | 37 | 0x444f4f$ | 1592834419315010 | 1592834419279942 | 0 | 1592834419315011 | 37 | 0x444f41$ | 1592834419345012 | 1592834419279942 | 0 | 1592834419345012 | 37 | 0x444f41% | 1592834419279942 | 1592834419345498 | 37
$ | 1592834419375015 | 1592834419345724 | 0 | 1592834419375015 | 37 | 0x444f4f$ | 1592834419405012 | 1592834419345724 | 0 | 1592834419405012 | 37 | 0x444f26% | 1592834419345724 | 1592834419411292 | 37
$ | 1592834419435013 | 1592834419411442 | 0 | 1592834419435014 | 37 | 0x444f37$ | 1592834419465013 | 1592834419411442 | 0 | 1592834419465013 | 37 | 0x444f4b% | 1592834419411442 | 1592834419476883 | 37
$ | 1592834419495013 | 1592834419477167 | 0 | 1592834419495013 | 37 | 0x444f4f$ | 1592834419525011 | 1592834419477167 | 0 | 1592834419525011 | 37 | 0x444f4b% | 1592834419477167 | 1592834419542728 | 37
$ | 1592834419555013 | 1592834419542947 | 0 | 1592834419555013 | 37 | 0x444f4b$ | 1592834419585013 | 1592834419542947 | 0 | 1592834419585013 | 37 | 0x444f41% | 1592834419542947 | 1592834419608532 | 37
$ | 1592834419615012 | 1592834419608691 | 0 | 1592834419615012 | 37 | 0x444f41$ | 1592834419645013 | 1592834419608691 | 0 | 1592834419645014 | 37 | 0x444f4f% | 1592834419608691 | 1592834419674310 | 37
$ | 1592834419675004 | 1592834419674587 | 0 | 1592834419675004 | 37 | 0x444f4f$ | 1592834419705014 | 1592834419674587 | 0 | 1592834419705014 | 37 | 0x444f4b$ | 1592834419735012 | 1592834419674587 | 0 | 1592834419735013 | 37 | 0x444f4b% | 1592834419674587 | 1592834419740167 | 37
$ | 1592834419765014 | 1592834419740359 | 0 | 1592834419765014 | 37 | 0x444f4b$ | 1592834419795011 | 1592834419740359 | 0 | 1592834419795012 | 37 | 0x444f41% | 1592834419740359 | 1592834419805911 | 37
$ | 1592834419825015 | 1592834419806109 | 0 | 1592834419825015 | 37 | 0x444f37$ | 1592834419855013 | 1592834419806109 | 0 | 1592834419855013 | 37 | 0x444f26% | 1592834419806109 | 1592834419871558 | 37
$ | 1592834419885013 | 1592834419871952 | 0 | 1592834419885013 | 37 | 0x444f4f$ | 1592834419915012 | 1592834419871952 | 0 | 1592834419915012 | 37 | 0x444f3b% | 1592834419871952 | 1592834419937507 | 37
$ | 1592834419945010 | 1592834419937740 | 0 | 1592834419945011 | 37 | 0x444f4b$ | 1592834419975011 | 1592834419937740 | 0 | 1592834419975011 | 37 | 0x444f55% | 1592834419937740 | 1592834420003255 | 37
$ | 1592834420005007 | 1592834420003433 | 0 | 1592834420005007 | 37 | 0x444f4b$ | 1592834420035012 | 1592834420003433 | 0 | 1592834420035013 | 37 | 0x444f45$ | 1592834420065009 | 1592834420003433 | 0 | 1592834420065009 | 37 | 0x444f37% | 1592834420003433 | 1592834420068872 | 37
$ | 1592834420095014 | 1592834420069237 | 0 | 1592834420095014 | 37 | 0x444f55$ | 1592834420125013 | 1592834420069237 | 0 | 1592834420125013 | 37 | 0x444f4b% | 1592834420069237 | 1592834420134776 | 37
$ | 1592834420155013 | 1592834420135011 | 0 | 1592834420155013 | 37 | 0x444f37$ | 1592834420185013 | 1592834420135011 | 0 | 1592834420185014 | 37 | 0x444f41% | 1592834420135011 | 1592834420200716 | 37
$ | 1592834420215012 | 1592834420200881 | 0 | 1592834420215013 | 37 | 0x444f45$ | 1592834420245013 | 1592834420200881 | 0 | 1592834420245013 | 37 | 0x444f55% | 1592834420200881 | 1592834420266377 | 37
$ | 1592834420275012 | 1592834420266639 | 0 | 1592834420275012 | 37 | 0x444f4b$ | 1592834420305012 | 1592834420266639 | 0 | 1592834420305012 | 37 | 0x444f37% | 1592834420266639 | 1592834420332167 | 37
$ | 1592834420335008 | 1592834420332419 | 0 | 1592834420335008 | 37 | 0x444f4f$ | 1592834420365011 | 1592834420332419 | 0 | 1592834420365012 | 37 | 0x444f45$ | 1592834420395010 | 1592834420332419 | 0 | 1592834420395010 | 37 | 0x444f4b% | 1592834420332419 | 1592834420398009 | 37
$ | 1592834420425012 | 1592834420398185 | 0 | 1592834420425013 | 37 | 0x444f45$ | 1592834420455010 | 1592834420398185 | 0 | 1592834420455010 | 37 | 0x444f41% | 1592834420398185 | 1592834420463623 | 37
$ | 1592834420485014 | 1592834420463888 | 0 | 1592834420485015 | 37 | 0x444f41$ | 1592834420515013 | 1592834420463888 | 0 | 1592834420515013 | 37 | 0x444f4b% | 1592834420463888 | 1592834420529446 | 37
$ | 1592834420545015 | 1592834420529667 | 0 | 1592834420545015 | 37 | 0x444f4b$ | 1592834420575012 | 1592834420529667 | 0 | 1592834420575012 | 37 | 0x444f4b% | 1592834420529667 | 1592834420595244 | 37
$ | 1592834420605013 | 1592834420595405 | 0 | 1592834420605013 | 37 | 0x444f55$ | 1592834420635011 | 1592834420595405 | 0 | 1592834420635011 | 37 | 0x444f41% | 1592834420595405 | 1592834420660846 | 37
$ | 1592834420665008 | 1592834420661020 | 0 | 1592834420665009 | 37 | 0x444f41$ | 1592834420695011 | 1592834420661020 | 0 | 1592834420695012 | 37 | 0x444f4f$ | 1592834420725011 | 1592834420661020 | 0 | 1592834420725012 | 37 | 0x444f45% | 1592834420661020 | 1592834420726576 | 37
$ | 1592834420755013 | 1592834420726846 | 0 | 1592834420755014 | 37 | 0x444f4f$ | 1592834420785010 | 1592834420726846 | 0 | 1592834420785011 | 37 | 0x444f30% | 1592834420726846 | 1592834420792338 | 37
$ | 1592834420815011 | 1592834420792585 | 0 | 1592834420815011 | 37 | 0x444f41$ | 1592834420845012 | 1592834420792585 | 0 | 1592834420845012 | 37 | 0x444f41% | 1592834420792585 | 1592834420858191 | 37
$ | 1592834420875017 | 1592834420858420 | 0 | 1592834420875017 | 37 | 0x444f41$ | 1592834420905013 | 1592834420858420 | 0 | 1592834420905013 | 37 | 0x444f4b% | 1592834420858420 | 1592834420924029 | 37
$ | 1592834420935012 | 1592834420924250 | 0 | 1592834420935012 | 37 | 0x444f1d$ | 1592834420965012 | 1592834420924250 | 0 | 1592834420965012 | 37 | 0x444f4b% | 1592834420924250 | 1592834420989785 | 37
$ | 1592834420995009 | 1592834420990051 | 0 | 1592834420995010 | 37 | 0x444f4f$ | 1592834421025012 | 1592834420990051 | 0 | 1592834421025012 | 37 | 0x444f37$ | 1592834421055011 | 1592834420990051 | 0 | 1592834421055011 | 37 | 0x444f37% | 1592834420990051 | 1592834421055473 | 37
$ | 1592834421085014 | 1592834421055725 | 0 | 1592834421085014 | 37 | 0x444f41$ | 1592834421115013 | 1592834421055725 | 0 | 1592834421115013 | 37 | 0x444f4b% | 1592834421055725 | 1592834421121259 | 37
$ | 1592834421145012 | 1592834421121525 | 0 | 1592834421145012 | 37 | 0x444f37$ | 1592834421175011 | 1592834421121525 | 0 | 1592834421175011 | 37 | 0x444f26% | 1592834421121525 | 1592834421187125 | 37
$ | 1592834421205009 | 1592834421187296 | 0 | 1592834421205010 | 37 | 0x444f37$ | 1592834421235011 | 1592834421187296 | 0 | 1592834421235012 | 37 | 0x444f30% | 1592834421187296 | 1592834421252712 | 37
$ | 1592834421265013 | 1592834421252976 | 0 | 1592834421265013 | 37 | 0x444f37$ | 1592834421295013 | 1592834421252976 | 0 | 1592834421295013 | 37 | 0x444f4b% | 1592834421252976 | 1592834421318531 | 37
$ | 1592834421325010 | 1592834421318742 | 0 | 1592834421325010 | 37 | 0x444f55$ | 1592834421355012 | 1592834421318742 | 0 | 1592834421355013 | 37 | 0x444f41% | 1592834421318742 | 1592834421384281 | 37
$ | 1592834421385007 | 1592834421384544 | 0 | 1592834421385007 | 37 | 0x444f30$ | 1592834421415012 | 1592834421384544 | 0 | 1592834421415012 | 37 | 0x444f4f$ | 1592834421445012 | 1592834421384544 | 0 | 1592834421445012 | 37 | 0x444f4f% | 1592834421384544 | 1592834421450030 | 37
$ | 1592834421475013 | 1592834421450322 | 0 | 1592834421475013 | 37 | 0x444f41$ | 1592834421505011 | 1592834421450322 | 0 | 1592834421505012 | 37 | 0x444f55% | 1592834421450322 | 1592834421515795 | 37
$ | 1592834421535013 | 1592834421516067 | 0 | 1592834421535013 | 37 | 0x444f41$ | 1592834421565011 | 1592834421516067 | 0 | 1592834421565011 | 37 | 0x444f41% | 1592834421516067 | 1592834421581608 | 37
$ | 1592834421595015 | 1592834421581838 | 0 | 1592834421595015 | 37 | 0x444f41$ | 1592834421625011 | 1592834421581838 | 0 | 1592834421625012 | 37 | 0x444f4b% | 1592834421581838 | 1592834421647275 | 37
$ | 1592834421655011 | 1592834421647615 | 0 | 1592834421655012 | 37 | 0x444f4b$ | 1592834421685012 | 1592834421647615 | 0 | 1592834421685013 | 37 | 0x444f4b% | 1592834421647615 | 1592834421713088 | 37
$ | 1592834421715005 | 1592834421713366 | 0 | 1592834421715006 | 37 | 0x444f4b$ | 1592834421745012 | 1592834421713366 | 0 | 1592834421745013 | 37 | 0x444f41$ | 1592834421775013 | 1592834421713366 | 0 | 1592834421775014 | 37 | 0x444f4f% | 1592834421713366 | 1592834421778942 | 37
$ | 1592834421805014 | 1592834421779098 | 0 | 1592834421805014 | 37 | 0x444f41$ | 1592834421835012 | 1592834421779098 | 0 | 1592834421835012 | 37 | 0x444f4b% | 1592834421779098 | 1592834421844568 | 37
$ | 1592834421865012 | 1592834421844760 | 0 | 1592834421865012 | 37 | 0x444f4b$ | 1592834421895012 | 1592834421844760 | 0 | 1592834421895012 | 37 | 0x444f4b% | 1592834421844760 | 1592834421910278 | 37
$ | 1592834421925012 | 1592834421910490 | 0 | 1592834421925012 | 37 | 0x444f37$ | 1592834421955009 | 1592834421910490 | 0 | 1592834421955010 | 37 | 0x444f4b% | 1592834421910490 | 1592834421976066 | 37
$ | 1592834421985012 | 1592834421976290 | 0 | 1592834421985012 | 37 | 0x444f41$ | 1592834422015014 | 1592834421976290 | 0 | 1592834422015014 | 37 | 0x444f15% | 1592834421976290 | 1592834422041741 | 37
$ | 1592834422045008 | 1592834422042034 | 0 | 1592834422045008 | 37 | 0x444f41$ | 1592834422075013 | 1592834422042034 | 0 | 1592834422075013 | 37 | 0x444f41$ | 1592834422105012 | 1592834422042034 | 0 | 1592834422105012 | 37 | 0x444f41% | 1592834422042034 | 1592834422107613 | 37
$ | 1592834422135012 | 1592834422107787 | 0 | 1592834422135012 | 37 | 0x444f41$ | 1592834422165028 | 1592834422107787 | 0 | 1592834422165029 | 37 | 0x444f55% | 1592834422107787 | 1592834422173327 | 37
$ | 1592834422195014 | 1592834422173547 | 0 | 1592834422195014 | 37 | 0x444f45$ | 1592834422225012 | 1592834422173547 | 0 | 1592834422225013 | 37 | 0x444f4b% | 1592834422173547 | 1592834422239019 | 37
$ | 1592834422255014 | 1592834422239311 | 0 | 1592834422255014 | 37 | 0x444f55$ | 1592834422285011 | 1592834422239311 | 0 | 1592834422285011 | 37 | 0x444f4f% | 1592834422239311 | 1592834422304881 | 37
$ | 1592834422315011 | 1592834422305093 | 0 | 1592834422315011 | 37 | 0x444f4b$ | 1592834422345008 | 1592834422305093 | 0 | 1592834422345009 | 37 | 0x444f26% | 1592834422305093 | 1592834422370667 | 37
$ | 1592834422375008 | 1592834422370860 | 0 | 1592834422375008 | 37 | 0x444f55$ | 1592834422405012 | 1592834422370860 | 0 | 1592834422405013 | 37 | 0x444f4b$ | 1592834422435010 | 1592834422370860 | 0 | 1592834422435010 | 37 | 0x444f45% | 1592834422370860 | 1592834422436369 | 37
$ | 1592834422465013 | 1592834422436523 | 0 | 1592834422465014 | 37 | 0x444f41$ | 1592834422495012 | 1592834422436523 | 0 | 1592834422495013 | 37 | 0x444f4b% | 1592834422436523 | 1592834422502081 | 37
$ | 1592834422525013 | 1592834422502337 | 0 | 1592834422525013 | 37 | 0x444f41$ | 1592834422555012 | 1592834422502337 | 0 | 1592834422555012 | 37 | 0x444f55% | 1592834422502337 | 1592834422567861 | 37
$ | 1592834422585013 | 1592834422568041 | 0 | 1592834422585014 | 37 | 0x444f30$ | 1592834422615012 | 1592834422568041 | 0 | 1592834422615012 | 37 | 0x444f4b% | 1592834422568041 | 1592834422633513 | 37
# exe: /lustrehome/home/s.engkadac/profiling/wave2d/tau/ex05-with-taucompilers-tracing/wave2d
# node: 12
# thread: 0
