# Format version: 0.2
# $ | <timestamp> | <delta-begin> | <delta-end> | <metric 1> ... <metric N> | <tau callpath> | <location> [ PC callstack ]
# % | <delta-begin metric 1> ... <delta-begin metric N> | <delta-end metric 1> ... <delta-end metric N> | <tau callpath>
# Metrics: TIME
$ | 1592834415955145 | 1592834415929492 | 0 | 1592834415955146 | 15 | 0x4450a8$ | 1592834415985143 | 1592834415929492 | 0 | 1592834415985144 | 15 | 0x4450d0$ | 1592834416015138 | 1592834415988856 | 0 | 1592834416015138 | 18 | 0x44523c$ | 1592834416045136 | 1592834415988856 | 0 | 1592834416045136 | 18 | 0x44523c$ | 1592834416075137 | 1592834415988856 | 0 | 1592834416075137 | 18 | 0x44520f% | 1592834415988856 | 1592834416104435 | 18
% | 1592834415929492 | 1592834416104437 | 15
$ | 1592834416105142 | 1592834416104917 | 0 | 1592834416105142 | 37 | 0x444f4b$ | 1592834416135145 | 1592834416104917 | 0 | 1592834416135145 | 37 | 0x444f45$ | 1592834416165143 | 1592834416104917 | 0 | 1592834416165143 | 37 | 0x444f4b% | 1592834416104917 | 1592834416169960 | 37
$ | 1592834416195146 | 1592834416170566 | 0 | 1592834416195146 | 37 | 0x444f4b$ | 1592834416225144 | 1592834416170566 | 0 | 1592834416225144 | 37 | 0x444f37% | 1592834416170566 | 1592834416234099 | 37
$ | 1592834416255145 | 1592834416234805 | 0 | 1592834416255146 | 37 | 0x444f55$ | 1592834416285146 | 1592834416234805 | 0 | 1592834416285146 | 37 | 0x444f4f% | 1592834416234805 | 1592834416298302 | 37
$ | 1592834416315146 | 1592834416299360 | 0 | 1592834416315146 | 37 | 0x444f41$ | 1592834416345144 | 1592834416299360 | 0 | 1592834416345145 | 37 | 0x444f4b% | 1592834416299360 | 1592834416362771 | 37
$ | 1592834416375146 | 1592834416363632 | 0 | 1592834416375146 | 37 | 0x444f41$ | 1592834416405144 | 1592834416363632 | 0 | 1592834416405145 | 37 | 0x444f37% | 1592834416363632 | 1592834416427160 | 37
$ | 1592834416435145 | 1592834416427916 | 0 | 1592834416435145 | 37 | 0x444f41$ | 1592834416465145 | 1592834416427916 | 0 | 1592834416465145 | 37 | 0x444f4b% | 1592834416427916 | 1592834416491482 | 37
$ | 1592834416495143 | 1592834416492368 | 0 | 1592834416495143 | 37 | 0x444f4b$ | 1592834416525145 | 1592834416492368 | 0 | 1592834416525145 | 37 | 0x444f41$ | 1592834416555144 | 1592834416492368 | 0 | 1592834416555145 | 37 | 0x444f30% | 1592834416492368 | 1592834416555672 | 37
$ | 1592834416585146 | 1592834416556595 | 0 | 1592834416585146 | 37 | 0x444f37$ | 1592834416615145 | 1592834416556595 | 0 | 1592834416615146 | 37 | 0x444f4b% | 1592834416556595 | 1592834416620113 | 37
$ | 1592834416645145 | 1592834416620876 | 0 | 1592834416645145 | 37 | 0x444f41$ | 1592834416675145 | 1592834416620876 | 0 | 1592834416675145 | 37 | 0x444f37% | 1592834416620876 | 1592834416684414 | 37
$ | 1592834416705145 | 1592834416685360 | 0 | 1592834416705146 | 37 | 0x444f4b$ | 1592834416735144 | 1592834416685360 | 0 | 1592834416735145 | 37 | 0x444f4b% | 1592834416685360 | 1592834416748703 | 37
$ | 1592834416765147 | 1592834416749653 | 0 | 1592834416765147 | 37 | 0x444f4b$ | 1592834416795146 | 1592834416749653 | 0 | 1592834416795146 | 37 | 0x444f2c% | 1592834416749653 | 1592834416813217 | 37
$ | 1592834416825146 | 1592834416813956 | 0 | 1592834416825146 | 37 | 0x444f45$ | 1592834416855145 | 1592834416813956 | 0 | 1592834416855146 | 37 | 0x444f4b% | 1592834416813956 | 1592834416877520 | 37
$ | 1592834416885144 | 1592834416878431 | 0 | 1592834416885144 | 37 | 0x444f4b$ | 1592834416915145 | 1592834416878431 | 0 | 1592834416915145 | 37 | 0x444f4b% | 1592834416878431 | 1592834416941787 | 37
$ | 1592834416945143 | 1592834416942624 | 0 | 1592834416945143 | 37 | 0x444f55$ | 1592834416975144 | 1592834416942624 | 0 | 1592834416975145 | 37 | 0x444f55$ | 1592834417005145 | 1592834416942624 | 0 | 1592834417005145 | 37 | 0x444f4b% | 1592834416942624 | 1592834417006109 | 37
$ | 1592834417035146 | 1592834417006984 | 0 | 1592834417035146 | 37 | 0x444f41$ | 1592834417065144 | 1592834417006984 | 0 | 1592834417065145 | 37 | 0x444f26% | 1592834417006984 | 1592834417070456 | 37
$ | 1592834417095145 | 1592834417071449 | 0 | 1592834417095145 | 37 | 0x444f4b$ | 1592834417125144 | 1592834417071449 | 0 | 1592834417125145 | 37 | 0x444f4b% | 1592834417071449 | 1592834417134824 | 37
$ | 1592834417155145 | 1592834417135726 | 0 | 1592834417155145 | 37 | 0x444f4b$ | 1592834417185144 | 1592834417135726 | 0 | 1592834417185144 | 37 | 0x444f26% | 1592834417135726 | 1592834417199314 | 37
$ | 1592834417215147 | 1592834417200083 | 0 | 1592834417215147 | 37 | 0x444f37$ | 1592834417245144 | 1592834417200083 | 0 | 1592834417245145 | 37 | 0x444f30% | 1592834417200083 | 1592834417263656 | 37
$ | 1592834417275146 | 1592834417264507 | 0 | 1592834417275146 | 37 | 0x444f37$ | 1592834417305144 | 1592834417264507 | 0 | 1592834417305144 | 37 | 0x444f41% | 1592834417264507 | 1592834417327899 | 37
$ | 1592834417335145 | 1592834417328763 | 0 | 1592834417335145 | 37 | 0x444f41$ | 1592834417365144 | 1592834417328763 | 0 | 1592834417365144 | 37 | 0x444f45% | 1592834417328763 | 1592834417392255 | 37
$ | 1592834417395143 | 1592834417393033 | 0 | 1592834417395143 | 37 | 0x444f55$ | 1592834417425144 | 1592834417393033 | 0 | 1592834417425145 | 37 | 0x444f4b$ | 1592834417455145 | 1592834417393033 | 0 | 1592834417455145 | 37 | 0x444f26% | 1592834417393033 | 1592834417456595 | 37
$ | 1592834417485145 | 1592834417457521 | 0 | 1592834417485145 | 37 | 0x444f45$ | 1592834417515145 | 1592834417457521 | 0 | 1592834417515145 | 37 | 0x444f41% | 1592834417457521 | 1592834417520885 | 37
$ | 1592834417545145 | 1592834417521790 | 0 | 1592834417545146 | 37 | 0x444f41$ | 1592834417575145 | 1592834417521790 | 0 | 1592834417575145 | 37 | 0x444f55% | 1592834417521790 | 1592834417585290 | 37
$ | 1592834417605145 | 1592834417586098 | 0 | 1592834417605145 | 37 | 0x444f55$ | 1592834417635144 | 1592834417586098 | 0 | 1592834417635145 | 37 | 0x444f41% | 1592834417586098 | 1592834417649630 | 37
$ | 1592834417665145 | 1592834417650526 | 0 | 1592834417665145 | 37 | 0x444f55$ | 1592834417695143 | 1592834417650526 | 0 | 1592834417695144 | 37 | 0x444f4b% | 1592834417650526 | 1592834417713912 | 37
$ | 1592834417725146 | 1592834417714824 | 0 | 1592834417725146 | 37 | 0x444f41$ | 1592834417755144 | 1592834417714824 | 0 | 1592834417755144 | 37 | 0x444f55% | 1592834417714824 | 1592834417778379 | 37
$ | 1592834417785141 | 1592834417779116 | 0 | 1592834417785141 | 37 | 0x444f41$ | 1592834417815145 | 1592834417779116 | 0 | 1592834417815145 | 37 | 0x444f41% | 1592834417779116 | 1592834417842698 | 37
$ | 1592834417845143 | 1592834417843542 | 0 | 1592834417845143 | 37 | 0x444f4b$ | 1592834417875144 | 1592834417843542 | 0 | 1592834417875145 | 37 | 0x444f4b$ | 1592834417905144 | 1592834417843542 | 0 | 1592834417905145 | 37 | 0x444f4b% | 1592834417843542 | 1592834417906940 | 37
$ | 1592834417935145 | 1592834417907811 | 0 | 1592834417935145 | 37 | 0x444f26$ | 1592834417965144 | 1592834417907811 | 0 | 1592834417965144 | 37 | 0x444f37% | 1592834417907811 | 1592834417971355 | 37
$ | 1592834417995146 | 1592834417972105 | 0 | 1592834417995146 | 37 | 0x444f4b$ | 1592834418025144 | 1592834417972105 | 0 | 1592834418025144 | 37 | 0x444f41% | 1592834417972105 | 1592834418035638 | 37
$ | 1592834418055145 | 1592834418036541 | 0 | 1592834418055145 | 37 | 0x444f37$ | 1592834418085144 | 1592834418036541 | 0 | 1592834418085144 | 37 | 0x444f4f% | 1592834418036541 | 1592834418099903 | 37
$ | 1592834418115146 | 1592834418100829 | 0 | 1592834418115146 | 37 | 0x444f41$ | 1592834418145145 | 1592834418100829 | 0 | 1592834418145145 | 37 | 0x444f41% | 1592834418100829 | 1592834418164304 | 37
$ | 1592834418175145 | 1592834418165156 | 0 | 1592834418175145 | 37 | 0x444f4b$ | 1592834418205145 | 1592834418165156 | 0 | 1592834418205145 | 37 | 0x444f55% | 1592834418165156 | 1592834418228695 | 37
$ | 1592834418235145 | 1592834418229595 | 0 | 1592834418235145 | 37 | 0x444f37$ | 1592834418265144 | 1592834418229595 | 0 | 1592834418265144 | 37 | 0x444f4b% | 1592834418229595 | 1592834418292922 | 37
$ | 1592834418295143 | 1592834418293864 | 0 | 1592834418295143 | 37 | 0x444f4b$ | 1592834418325145 | 1592834418293864 | 0 | 1592834418325145 | 37 | 0x444f26$ | 1592834418355145 | 1592834418293864 | 0 | 1592834418355145 | 37 | 0x444f4b% | 1592834418293864 | 1592834418359340 | 37
$ | 1592834418385147 | 1592834418359884 | 0 | 1592834418385147 | 37 | 0x444f15$ | 1592834418415144 | 1592834418359884 | 0 | 1592834418415144 | 37 | 0x444f30% | 1592834418359884 | 1592834418424981 | 37
$ | 1592834418445146 | 1592834418425657 | 0 | 1592834418445146 | 37 | 0x444f4b$ | 1592834418475144 | 1592834418425657 | 0 | 1592834418475144 | 37 | 0x444f41% | 1592834418425657 | 1592834418490619 | 37
$ | 1592834418505146 | 1592834418491303 | 0 | 1592834418505146 | 37 | 0x444f4b$ | 1592834418535145 | 1592834418491303 | 0 | 1592834418535145 | 37 | 0x444f37% | 1592834418491303 | 1592834418556443 | 37
$ | 1592834418565147 | 1592834418557044 | 0 | 1592834418565147 | 37 | 0x444f20$ | 1592834418595145 | 1592834418557044 | 0 | 1592834418595145 | 37 | 0x444f1d% | 1592834418557044 | 1592834418622179 | 37
$ | 1592834418625144 | 1592834418622896 | 0 | 1592834418625144 | 37 | 0x444f41$ | 1592834418655145 | 1592834418622896 | 0 | 1592834418655146 | 37 | 0x444f4b$ | 1592834418685145 | 1592834418622896 | 0 | 1592834418685145 | 37 | 0x444f41% | 1592834418622896 | 1592834418687864 | 37
$ | 1592834418715146 | 1592834418688569 | 0 | 1592834418715147 | 37 | 0x444f37$ | 1592834418745145 | 1592834418688569 | 0 | 1592834418745145 | 37 | 0x444f4b% | 1592834418688569 | 1592834418753656 | 37
$ | 1592834418775147 | 1592834418754282 | 0 | 1592834418775147 | 37 | 0x444f26$ | 1592834418805145 | 1592834418754282 | 0 | 1592834418805145 | 37 | 0x444f55% | 1592834418754282 | 1592834418819374 | 37
$ | 1592834418835145 | 1592834418820164 | 0 | 1592834418835145 | 37 | 0x444f4f$ | 1592834418865145 | 1592834418820164 | 0 | 1592834418865145 | 37 | 0x444f4b% | 1592834418820164 | 1592834418885183 | 37
$ | 1592834418895146 | 1592834418885837 | 0 | 1592834418895146 | 37 | 0x444f4b$ | 1592834418925144 | 1592834418885837 | 0 | 1592834418925144 | 37 | 0x444f41% | 1592834418885837 | 1592834418950889 | 37
$ | 1592834418955145 | 1592834418951527 | 0 | 1592834418955145 | 37 | 0x444f26$ | 1592834418985145 | 1592834418951527 | 0 | 1592834418985145 | 37 | 0x444f4b$ | 1592834419015146 | 1592834418951527 | 0 | 1592834419015146 | 37 | 0x444f37% | 1592834418951527 | 1592834419016640 | 37
$ | 1592834419045145 | 1592834419017407 | 0 | 1592834419045146 | 37 | 0x444f41$ | 1592834419075145 | 1592834419017407 | 0 | 1592834419075145 | 37 | 0x444f55% | 1592834419017407 | 1592834419082317 | 37
$ | 1592834419105147 | 1592834419083060 | 0 | 1592834419105147 | 37 | 0x444f41$ | 1592834419135144 | 1592834419083060 | 0 | 1592834419135144 | 37 | 0x444f55% | 1592834419083060 | 1592834419148148 | 37
$ | 1592834419165144 | 1592834419148761 | 0 | 1592834419165144 | 37 | 0x444f4b$ | 1592834419195145 | 1592834419148761 | 0 | 1592834419195145 | 37 | 0x444f4b% | 1592834419148761 | 1592834419213922 | 37
$ | 1592834419225145 | 1592834419214725 | 0 | 1592834419225146 | 37 | 0x444f4b$ | 1592834419255145 | 1592834419214725 | 0 | 1592834419255145 | 37 | 0x444f26% | 1592834419214725 | 1592834419279684 | 37
$ | 1592834419285144 | 1592834419280406 | 0 | 1592834419285144 | 37 | 0x444f4b$ | 1592834419315145 | 1592834419280406 | 0 | 1592834419315145 | 37 | 0x444f4b$ | 1592834419345144 | 1592834419280406 | 0 | 1592834419345144 | 37 | 0x444f41% | 1592834419280406 | 1592834419345475 | 37
$ | 1592834419375145 | 1592834419346079 | 0 | 1592834419375146 | 37 | 0x444f4b$ | 1592834419405144 | 1592834419346079 | 0 | 1592834419405144 | 37 | 0x444f4b% | 1592834419346079 | 1592834419411195 | 37
$ | 1592834419435146 | 1592834419411973 | 0 | 1592834419435146 | 37 | 0x444f45$ | 1592834419465145 | 1592834419411973 | 0 | 1592834419465145 | 37 | 0x444f55% | 1592834419411973 | 1592834419476860 | 37
$ | 1592834419495145 | 1592834419477602 | 0 | 1592834419495145 | 37 | 0x444f26$ | 1592834419525145 | 1592834419477602 | 0 | 1592834419525145 | 37 | 0x444f55% | 1592834419477602 | 1592834419542691 | 37
$ | 1592834419555145 | 1592834419543335 | 0 | 1592834419555145 | 37 | 0x444f37$ | 1592834419585146 | 1592834419543335 | 0 | 1592834419585146 | 37 | 0x444f4b% | 1592834419543335 | 1592834419608434 | 37
$ | 1592834419615144 | 1592834419609223 | 0 | 1592834419615145 | 37 | 0x444f4f$ | 1592834419645145 | 1592834419609223 | 0 | 1592834419645145 | 37 | 0x444f41% | 1592834419609223 | 1592834419674326 | 37
$ | 1592834419675141 | 1592834419675087 | 0 | 1592834419675141 | 37 | 0x444f41$ | 1592834419705145 | 1592834419675087 | 0 | 1592834419705145 | 37 | 0x444f4b$ | 1592834419735144 | 1592834419675087 | 0 | 1592834419735145 | 37 | 0x444f4b% | 1592834419675087 | 1592834419740162 | 37
$ | 1592834419765145 | 1592834419740812 | 0 | 1592834419765145 | 37 | 0x444f4b$ | 1592834419795145 | 1592834419740812 | 0 | 1592834419795145 | 37 | 0x444f45% | 1592834419740812 | 1592834419805967 | 37
$ | 1592834419825145 | 1592834419806710 | 0 | 1592834419825145 | 37 | 0x444f4f$ | 1592834419855144 | 1592834419806710 | 0 | 1592834419855145 | 37 | 0x444f4b% | 1592834419806710 | 1592834419871674 | 37
$ | 1592834419885145 | 1592834419872434 | 0 | 1592834419885145 | 37 | 0x444f41$ | 1592834419915144 | 1592834419872434 | 0 | 1592834419915145 | 37 | 0x444f41% | 1592834419872434 | 1592834419937522 | 37
$ | 1592834419945144 | 1592834419938128 | 0 | 1592834419945144 | 37 | 0x444f45$ | 1592834419975144 | 1592834419938128 | 0 | 1592834419975144 | 37 | 0x444f37% | 1592834419938128 | 1592834420003230 | 37
$ | 1592834420005144 | 1592834420004022 | 0 | 1592834420005144 | 37 | 0x444f41$ | 1592834420035144 | 1592834420004022 | 0 | 1592834420035145 | 37 | 0x444f4b$ | 1592834420065145 | 1592834420004022 | 0 | 1592834420065145 | 37 | 0x444f26% | 1592834420004022 | 1592834420068988 | 37
$ | 1592834420095145 | 1592834420069685 | 0 | 1592834420095146 | 37 | 0x444f41$ | 1592834420125146 | 1592834420069685 | 0 | 1592834420125146 | 37 | 0x444f4f% | 1592834420069685 | 1592834420134786 | 37
$ | 1592834420155145 | 1592834420135389 | 0 | 1592834420155145 | 37 | 0x444f41$ | 1592834420185146 | 1592834420135389 | 0 | 1592834420185146 | 37 | 0x444f41% | 1592834420135389 | 1592834420200606 | 37
$ | 1592834420215145 | 1592834420201417 | 0 | 1592834420215145 | 37 | 0x444f4b$ | 1592834420245146 | 1592834420201417 | 0 | 1592834420245146 | 37 | 0x444f4f% | 1592834420201417 | 1592834420266311 | 37
$ | 1592834420275146 | 1592834420267120 | 0 | 1592834420275147 | 37 | 0x444f1d$ | 1592834420305145 | 1592834420267120 | 0 | 1592834420305146 | 37 | 0x444f4b% | 1592834420267120 | 1592834420332185 | 37
$ | 1592834420335142 | 1592834420332801 | 0 | 1592834420335143 | 37 | 0x444f4b$ | 1592834420365145 | 1592834420332801 | 0 | 1592834420365145 | 37 | 0x444f41$ | 1592834420395143 | 1592834420332801 | 0 | 1592834420395144 | 37 | 0x444f4b% | 1592834420332801 | 1592834420397919 | 37
$ | 1592834420425146 | 1592834420398664 | 0 | 1592834420425146 | 37 | 0x444f26$ | 1592834420455145 | 1592834420398664 | 0 | 1592834420455145 | 37 | 0x444f41% | 1592834420398664 | 1592834420463604 | 37
$ | 1592834420485147 | 1592834420464268 | 0 | 1592834420485148 | 37 | 0x444f37$ | 1592834420515145 | 1592834420464268 | 0 | 1592834420515145 | 37 | 0x444f41% | 1592834420464268 | 1592834420529327 | 37
$ | 1592834420545145 | 1592834420529931 | 0 | 1592834420545146 | 37 | 0x444f41$ | 1592834420575145 | 1592834420529931 | 0 | 1592834420575145 | 37 | 0x444f55% | 1592834420529931 | 1592834420595010 | 37
$ | 1592834420605144 | 1592834420595822 | 0 | 1592834420605145 | 37 | 0x444f4b$ | 1592834420635144 | 1592834420595822 | 0 | 1592834420635145 | 37 | 0x444f30% | 1592834420595822 | 1592834420660770 | 37
$ | 1592834420665144 | 1592834420661499 | 0 | 1592834420665144 | 37 | 0x444f41$ | 1592834420695144 | 1592834420661499 | 0 | 1592834420695145 | 37 | 0x444f41$ | 1592834420725145 | 1592834420661499 | 0 | 1592834420725145 | 37 | 0x444f4b% | 1592834420661499 | 1592834420726595 | 37
$ | 1592834420755146 | 1592834420727267 | 0 | 1592834420755146 | 37 | 0x444f55$ | 1592834420785145 | 1592834420727267 | 0 | 1592834420785145 | 37 | 0x444f4b% | 1592834420727267 | 1592834420792371 | 37
$ | 1592834420815145 | 1592834420793111 | 0 | 1592834420815146 | 37 | 0x444f37$ | 1592834420845146 | 1592834420793111 | 0 | 1592834420845146 | 37 | 0x444f4f% | 1592834420793111 | 1592834420858130 | 37
$ | 1592834420875147 | 1592834420858845 | 0 | 1592834420875148 | 37 | 0x444f4b$ | 1592834420905145 | 1592834420858845 | 0 | 1592834420905145 | 37 | 0x444f4f% | 1592834420858845 | 1592834420924026 | 37
$ | 1592834420935146 | 1592834420924684 | 0 | 1592834420935146 | 37 | 0x444f41$ | 1592834420965145 | 1592834420924684 | 0 | 1592834420965146 | 37 | 0x444f4b% | 1592834420924684 | 1592834420989762 | 37
$ | 1592834420995144 | 1592834420990557 | 0 | 1592834420995145 | 37 | 0x444f4b$ | 1592834421025145 | 1592834420990557 | 0 | 1592834421025145 | 37 | 0x444f41$ | 1592834421055143 | 1592834420990557 | 0 | 1592834421055143 | 37 | 0x444f4b% | 1592834420990557 | 1592834421055507 | 37
$ | 1592834421085146 | 1592834421056220 | 0 | 1592834421085146 | 37 | 0x444f26$ | 1592834421115144 | 1592834421056220 | 0 | 1592834421115144 | 37 | 0x444f45% | 1592834421056220 | 1592834421121292 | 37
$ | 1592834421145145 | 1592834421121882 | 0 | 1592834421145145 | 37 | 0x444f1d$ | 1592834421175146 | 1592834421121882 | 0 | 1592834421175146 | 37 | 0x444f4b% | 1592834421121882 | 1592834421186956 | 37
$ | 1592834421205145 | 1592834421187762 | 0 | 1592834421205145 | 37 | 0x444f37$ | 1592834421235144 | 1592834421187762 | 0 | 1592834421235144 | 37 | 0x444f4b% | 1592834421187762 | 1592834421252690 | 37
$ | 1592834421265145 | 1592834421253449 | 0 | 1592834421265145 | 37 | 0x444f4b$ | 1592834421295144 | 1592834421253449 | 0 | 1592834421295144 | 37 | 0x444f55% | 1592834421253449 | 1592834421318570 | 37
$ | 1592834421325144 | 1592834421319199 | 0 | 1592834421325145 | 37 | 0x444f4b$ | 1592834421355145 | 1592834421319199 | 0 | 1592834421355146 | 37 | 0x444f26% | 1592834421319199 | 1592834421384297 | 37
$ | 1592834421385141 | 1592834421385099 | 0 | 1592834421385142 | 37 | 0x444f41$ | 1592834421415144 | 1592834421385099 | 0 | 1592834421415144 | 37 | 0x444f4b$ | 1592834421445145 | 1592834421385099 | 0 | 1592834421445146 | 37 | 0x444f55% | 1592834421385099 | 1592834421450038 | 37
$ | 1592834421475145 | 1592834421450765 | 0 | 1592834421475146 | 37 | 0x444f41$ | 1592834421505144 | 1592834421450765 | 0 | 1592834421505144 | 37 | 0x444f55% | 1592834421450765 | 1592834421515824 | 37
$ | 1592834421535145 | 1592834421516533 | 0 | 1592834421535146 | 37 | 0x444f55$ | 1592834421565144 | 1592834421516533 | 0 | 1592834421565144 | 37 | 0x444f41% | 1592834421516533 | 1592834421581609 | 37
$ | 1592834421595145 | 1592834421582392 | 0 | 1592834421595146 | 37 | 0x444f4b$ | 1592834421625145 | 1592834421582392 | 0 | 1592834421625145 | 37 | 0x444f41% | 1592834421582392 | 1592834421647357 | 37
$ | 1592834421655145 | 1592834421648069 | 0 | 1592834421655145 | 37 | 0x444f37$ | 1592834421685145 | 1592834421648069 | 0 | 1592834421685145 | 37 | 0x444f41% | 1592834421648069 | 1592834421713114 | 37
$ | 1592834421715143 | 1592834421713743 | 0 | 1592834421715143 | 37 | 0x444f41$ | 1592834421745145 | 1592834421713743 | 0 | 1592834421745145 | 37 | 0x444f1d$ | 1592834421775144 | 1592834421713743 | 0 | 1592834421775144 | 37 | 0x444f41% | 1592834421713743 | 1592834421778829 | 37
$ | 1592834421805146 | 1592834421779571 | 0 | 1592834421805146 | 37 | 0x444f41$ | 1592834421835144 | 1592834421779571 | 0 | 1592834421835145 | 37 | 0x444f4b% | 1592834421779571 | 1592834421844566 | 37
$ | 1592834421865145 | 1592834421845200 | 0 | 1592834421865145 | 37 | 0x444f4f$ | 1592834421895144 | 1592834421845200 | 0 | 1592834421895144 | 37 | 0x444f4b% | 1592834421845200 | 1592834421910243 | 37
$ | 1592834421925146 | 1592834421910934 | 0 | 1592834421925146 | 37 | 0x444f41$ | 1592834421955145 | 1592834421910934 | 0 | 1592834421955145 | 37 | 0x444f41% | 1592834421910934 | 1592834421976026 | 37
$ | 1592834421985143 | 1592834421976818 | 0 | 1592834421985144 | 37 | 0x444f45$ | 1592834422015144 | 1592834421976818 | 0 | 1592834422015144 | 37 | 0x444f4b% | 1592834421976818 | 1592834422041771 | 37
$ | 1592834422045143 | 1592834422042467 | 0 | 1592834422045143 | 37 | 0x444f4b$ | 1592834422075145 | 1592834422042467 | 0 | 1592834422075146 | 37 | 0x444f37$ | 1592834422105145 | 1592834422042467 | 0 | 1592834422105145 | 37 | 0x444f4b% | 1592834422042467 | 1592834422107534 | 37
$ | 1592834422135145 | 1592834422108212 | 0 | 1592834422135146 | 37 | 0x444f4b$ | 1592834422165146 | 1592834422108212 | 0 | 1592834422165147 | 37 | 0x444f41% | 1592834422108212 | 1592834422173315 | 37
$ | 1592834422195146 | 1592834422174101 | 0 | 1592834422195146 | 37 | 0x444f37$ | 1592834422225145 | 1592834422174101 | 0 | 1592834422225145 | 37 | 0x444f4b% | 1592834422174101 | 1592834422239056 | 37
$ | 1592834422255146 | 1592834422239758 | 0 | 1592834422255147 | 37 | 0x444f4b$ | 1592834422285145 | 1592834422239758 | 0 | 1592834422285146 | 37 | 0x444f37% | 1592834422239758 | 1592834422304856 | 37
$ | 1592834422315145 | 1592834422305498 | 0 | 1592834422315145 | 37 | 0x444f4b$ | 1592834422345144 | 1592834422305498 | 0 | 1592834422345144 | 37 | 0x444f41% | 1592834422305498 | 1592834422370585 | 37
$ | 1592834422375144 | 1592834422371343 | 0 | 1592834422375144 | 37 | 0x444f26$ | 1592834422405144 | 1592834422371343 | 0 | 1592834422405145 | 37 | 0x444f41$ | 1592834422435144 | 1592834422371343 | 0 | 1592834422435144 | 37 | 0x444f45% | 1592834422371343 | 1592834422436233 | 37
$ | 1592834422465145 | 1592834422436958 | 0 | 1592834422465146 | 37 | 0x444f55$ | 1592834422495145 | 1592834422436958 | 0 | 1592834422495145 | 37 | 0x444f41% | 1592834422436958 | 1592834422502025 | 37
$ | 1592834422525146 | 1592834422502631 | 0 | 1592834422525146 | 37 | 0x444f26$ | 1592834422555145 | 1592834422502631 | 0 | 1592834422555145 | 37 | 0x444f41% | 1592834422502631 | 1592834422567754 | 37
$ | 1592834422585146 | 1592834422568548 | 0 | 1592834422585147 | 37 | 0x444f45$ | 1592834422615145 | 1592834422568548 | 0 | 1592834422615145 | 37 | 0x444f4b% | 1592834422568548 | 1592834422633466 | 37
# exe: /lustrehome/home/s.engkadac/profiling/wave2d/tau/ex05-with-taucompilers-tracing/wave2d
# node: 13
# thread: 0
