# Format version: 0.2
# $ | <timestamp> | <delta-begin> | <delta-end> | <metric 1> ... <metric N> | <tau callpath> | <location> [ PC callstack ]
# % | <delta-begin metric 1> ... <delta-begin metric N> | <delta-end metric 1> ... <delta-end metric N> | <tau callpath>
# Metrics: TIME
$ | 1592834415956558 | 1592834415929515 | 0 | 1592834415956558 | 15 | 0x4450a8$ | 1592834415986558 | 1592834415929515 | 0 | 1592834415986558 | 15 | 0x4450d0$ | 1592834416016554 | 1592834415988882 | 0 | 1592834416016554 | 18 | 0x44523c$ | 1592834416046552 | 1592834415988882 | 0 | 1592834416046552 | 18 | 0x44522d$ | 1592834416076552 | 1592834415988882 | 0 | 1592834416076552 | 18 | 0x44523c% | 1592834415988882 | 1592834416104232 | 18
% | 1592834415929515 | 1592834416104234 | 15
$ | 1592834416106558 | 1592834416104948 | 0 | 1592834416106558 | 37 | 0x444f41$ | 1592834416136559 | 1592834416104948 | 0 | 1592834416136559 | 37 | 0x444f4b$ | 1592834416166558 | 1592834416104948 | 0 | 1592834416166558 | 37 | 0x444f26% | 1592834416104948 | 1592834416170101 | 37
$ | 1592834416196560 | 1592834416170572 | 0 | 1592834416196560 | 37 | 0x444f4b$ | 1592834416226558 | 1592834416170572 | 0 | 1592834416226558 | 37 | 0x444f4b% | 1592834416170572 | 1592834416234129 | 37
$ | 1592834416256559 | 1592834416234776 | 0 | 1592834416256560 | 37 | 0x444f41$ | 1592834416286558 | 1592834416234776 | 0 | 1592834416286558 | 37 | 0x444f41% | 1592834416234776 | 1592834416298384 | 37
$ | 1592834416316558 | 1592834416299164 | 0 | 1592834416316558 | 37 | 0x444f4b$ | 1592834416346558 | 1592834416299164 | 0 | 1592834416346558 | 37 | 0x444f37% | 1592834416299164 | 1592834416362603 | 37
$ | 1592834416376559 | 1592834416363453 | 0 | 1592834416376560 | 37 | 0x444f37$ | 1592834416406557 | 1592834416363453 | 0 | 1592834416406557 | 37 | 0x444f41% | 1592834416363453 | 1592834416427043 | 37
$ | 1592834416436559 | 1592834416427827 | 0 | 1592834416436560 | 37 | 0x444f4b$ | 1592834416466558 | 1592834416427827 | 0 | 1592834416466559 | 37 | 0x444f4b% | 1592834416427827 | 1592834416491374 | 37
$ | 1592834416496558 | 1592834416492266 | 0 | 1592834416496559 | 37 | 0x444f4b$ | 1592834416526558 | 1592834416492266 | 0 | 1592834416526558 | 37 | 0x444f41% | 1592834416492266 | 1592834416555721 | 37
$ | 1592834416556554 | 1592834416556521 | 0 | 1592834416556554 | 37 | 0x444f4b$ | 1592834416586559 | 1592834416556521 | 0 | 1592834416586559 | 37 | 0x444f55$ | 1592834416616558 | 1592834416556521 | 0 | 1592834416616559 | 37 | 0x444f37% | 1592834416556521 | 1592834416620053 | 37
$ | 1592834416646560 | 1592834416620794 | 0 | 1592834416646560 | 37 | 0x444f41$ | 1592834416676559 | 1592834416620794 | 0 | 1592834416676559 | 37 | 0x444f37% | 1592834416620794 | 1592834416684383 | 37
$ | 1592834416706559 | 1592834416685215 | 0 | 1592834416706559 | 37 | 0x444f4b$ | 1592834416736558 | 1592834416685215 | 0 | 1592834416736558 | 37 | 0x444f45% | 1592834416685215 | 1592834416748679 | 37
$ | 1592834416766558 | 1592834416749521 | 0 | 1592834416766559 | 37 | 0x444f4b$ | 1592834416796558 | 1592834416749521 | 0 | 1592834416796558 | 37 | 0x444f41% | 1592834416749521 | 1592834416813078 | 37
$ | 1592834416826559 | 1592834416813874 | 0 | 1592834416826560 | 37 | 0x444f4b$ | 1592834416856559 | 1592834416813874 | 0 | 1592834416856559 | 37 | 0x444f4b% | 1592834416813874 | 1592834416877479 | 37
$ | 1592834416886559 | 1592834416878295 | 0 | 1592834416886559 | 37 | 0x444f41$ | 1592834416916558 | 1592834416878295 | 0 | 1592834416916558 | 37 | 0x444f26% | 1592834416878295 | 1592834416941692 | 37
$ | 1592834416946559 | 1592834416942551 | 0 | 1592834416946559 | 37 | 0x444f41$ | 1592834416976559 | 1592834416942551 | 0 | 1592834416976560 | 37 | 0x444f41% | 1592834416942551 | 1592834417006109 | 37
$ | 1592834417006555 | 1592834417006113 | 0 | 1592834417006555 | 22 | 0x444d95% | 1592834417006113 | 1592834417006762 | 22
$ | 1592834417036560 | 1592834417006764 | 0 | 1592834417036560 | 37 | 0x444f4b$ | 1592834417066558 | 1592834417006764 | 0 | 1592834417066558 | 37 | 0x444f4b% | 1592834417006764 | 1592834417070331 | 37
$ | 1592834417096561 | 1592834417071257 | 0 | 1592834417096561 | 37 | 0x444f4b$ | 1592834417126559 | 1592834417071257 | 0 | 1592834417126559 | 37 | 0x444f4b% | 1592834417071257 | 1592834417134698 | 37
$ | 1592834417156557 | 1592834417135599 | 0 | 1592834417156558 | 37 | 0x444f41$ | 1592834417186559 | 1592834417135599 | 0 | 1592834417186560 | 37 | 0x444f55% | 1592834417135599 | 1592834417199205 | 37
$ | 1592834417216559 | 1592834417199978 | 0 | 1592834417216559 | 37 | 0x444f41$ | 1592834417246558 | 1592834417199978 | 0 | 1592834417246558 | 37 | 0x444f4b% | 1592834417199978 | 1592834417263557 | 37
$ | 1592834417276559 | 1592834417264409 | 0 | 1592834417276559 | 37 | 0x444f1d$ | 1592834417306558 | 1592834417264409 | 0 | 1592834417306559 | 37 | 0x444f4b% | 1592834417264409 | 1592834417327820 | 37
$ | 1592834417336558 | 1592834417328645 | 0 | 1592834417336558 | 37 | 0x444f4b$ | 1592834417366558 | 1592834417328645 | 0 | 1592834417366559 | 37 | 0x444f4b% | 1592834417328645 | 1592834417392238 | 37
$ | 1592834417396558 | 1592834417392981 | 0 | 1592834417396558 | 37 | 0x444f37$ | 1592834417426559 | 1592834417392981 | 0 | 1592834417426560 | 37 | 0x444f4b$ | 1592834417456557 | 1592834417392981 | 0 | 1592834417456558 | 37 | 0x444f30% | 1592834417392981 | 1592834417456602 | 37
$ | 1592834417486560 | 1592834417457393 | 0 | 1592834417486561 | 37 | 0x444f4b$ | 1592834417516558 | 1592834417457393 | 0 | 1592834417516558 | 37 | 0x444f4f% | 1592834417457393 | 1592834417520811 | 37
$ | 1592834417546558 | 1592834417521647 | 0 | 1592834417546558 | 37 | 0x444f4b$ | 1592834417576559 | 1592834417521647 | 0 | 1592834417576559 | 37 | 0x444f1d% | 1592834417521647 | 1592834417585211 | 37
$ | 1592834417606560 | 1592834417585969 | 0 | 1592834417606560 | 37 | 0x444f4f$ | 1592834417636559 | 1592834417585969 | 0 | 1592834417636559 | 37 | 0x444f4f% | 1592834417585969 | 1592834417649553 | 37
$ | 1592834417666558 | 1592834417650425 | 0 | 1592834417666558 | 37 | 0x444f41$ | 1592834417696559 | 1592834417650425 | 0 | 1592834417696560 | 37 | 0x444f41% | 1592834417650425 | 1592834417713844 | 37
$ | 1592834417726560 | 1592834417714638 | 0 | 1592834417726560 | 37 | 0x444f4b$ | 1592834417756559 | 1592834417714638 | 0 | 1592834417756560 | 37 | 0x444f4b% | 1592834417714638 | 1592834417778199 | 37
$ | 1592834417786558 | 1592834417779027 | 0 | 1592834417786559 | 37 | 0x444f45$ | 1592834417816557 | 1592834417779027 | 0 | 1592834417816558 | 37 | 0x444f4b% | 1592834417779027 | 1592834417842569 | 37
$ | 1592834417846558 | 1592834417843471 | 0 | 1592834417846559 | 37 | 0x444f41$ | 1592834417876558 | 1592834417843471 | 0 | 1592834417876558 | 37 | 0x444f4f$ | 1592834417906559 | 1592834417843471 | 0 | 1592834417906559 | 37 | 0x444f45% | 1592834417843471 | 1592834417906989 | 37
$ | 1592834417936556 | 1592834417907704 | 0 | 1592834417936557 | 37 | 0x444f45$ | 1592834417966559 | 1592834417907704 | 0 | 1592834417966560 | 37 | 0x444f4b% | 1592834417907704 | 1592834417971256 | 37
$ | 1592834417996559 | 1592834417971993 | 0 | 1592834417996559 | 37 | 0x444f41$ | 1592834418026559 | 1592834417971993 | 0 | 1592834418026560 | 37 | 0x444f41% | 1592834417971993 | 1592834418035628 | 37
$ | 1592834418056559 | 1592834418036458 | 0 | 1592834418056559 | 37 | 0x444f55$ | 1592834418086559 | 1592834418036458 | 0 | 1592834418086559 | 37 | 0x444f4b% | 1592834418036458 | 1592834418099931 | 37
$ | 1592834418116560 | 1592834418100669 | 0 | 1592834418116560 | 37 | 0x444f26$ | 1592834418146560 | 1592834418100669 | 0 | 1592834418146560 | 37 | 0x444f45% | 1592834418100669 | 1592834418164314 | 37
$ | 1592834418176559 | 1592834418165075 | 0 | 1592834418176559 | 37 | 0x444f4b$ | 1592834418206559 | 1592834418165075 | 0 | 1592834418206559 | 37 | 0x444f4b% | 1592834418165075 | 1592834418228654 | 37
$ | 1592834418236559 | 1592834418229533 | 0 | 1592834418236559 | 37 | 0x444f41$ | 1592834418266559 | 1592834418229533 | 0 | 1592834418266560 | 37 | 0x444f41% | 1592834418229533 | 1592834418292924 | 37
$ | 1592834418296559 | 1592834418293662 | 0 | 1592834418296559 | 37 | 0x444f45$ | 1592834418326560 | 1592834418293662 | 0 | 1592834418326561 | 37 | 0x444f55$ | 1592834418356561 | 1592834418293662 | 0 | 1592834418356561 | 37 | 0x444f4b% | 1592834418293662 | 1592834418358594 | 37
$ | 1592834418386561 | 1592834418359861 | 0 | 1592834418386561 | 37 | 0x444f41$ | 1592834418416559 | 1592834418359861 | 0 | 1592834418416559 | 37 | 0x444f45% | 1592834418359861 | 1592834418425032 | 37
$ | 1592834418446560 | 1592834418425676 | 0 | 1592834418446560 | 37 | 0x444f26$ | 1592834418476559 | 1592834418425676 | 0 | 1592834418476559 | 37 | 0x444f4f% | 1592834418425676 | 1592834418490694 | 37
$ | 1592834418506558 | 1592834418491324 | 0 | 1592834418506559 | 37 | 0x444f4b$ | 1592834418536560 | 1592834418491324 | 0 | 1592834418536560 | 37 | 0x444f26% | 1592834418491324 | 1592834418556465 | 37
$ | 1592834418566558 | 1592834418557063 | 0 | 1592834418566559 | 37 | 0x444f4b$ | 1592834418596559 | 1592834418557063 | 0 | 1592834418596559 | 37 | 0x444f37% | 1592834418557063 | 1592834418622214 | 37
$ | 1592834418626559 | 1592834418622912 | 0 | 1592834418626559 | 37 | 0x444f4b$ | 1592834418656559 | 1592834418622912 | 0 | 1592834418656559 | 37 | 0x444f4f$ | 1592834418686559 | 1592834418622912 | 0 | 1592834418686559 | 37 | 0x444f4b% | 1592834418622912 | 1592834418687956 | 37
$ | 1592834418716559 | 1592834418688587 | 0 | 1592834418716559 | 37 | 0x444f4b$ | 1592834418746559 | 1592834418688587 | 0 | 1592834418746559 | 37 | 0x444f4b% | 1592834418688587 | 1592834418753685 | 37
$ | 1592834418776559 | 1592834418754298 | 0 | 1592834418776559 | 37 | 0x444f26$ | 1592834418806560 | 1592834418754298 | 0 | 1592834418806560 | 37 | 0x444f26% | 1592834418754298 | 1592834418819477 | 37
$ | 1592834418836559 | 1592834418820181 | 0 | 1592834418836559 | 37 | 0x444f4b$ | 1592834418866560 | 1592834418820181 | 0 | 1592834418866560 | 37 | 0x444f4b% | 1592834418820181 | 1592834418885237 | 37
$ | 1592834418896559 | 1592834418885854 | 0 | 1592834418896559 | 37 | 0x444f4b$ | 1592834418926559 | 1592834418885854 | 0 | 1592834418926559 | 37 | 0x444f4b% | 1592834418885854 | 1592834418950993 | 37
$ | 1592834418956560 | 1592834418951545 | 0 | 1592834418956560 | 37 | 0x444f4b$ | 1592834418986560 | 1592834418951545 | 0 | 1592834418986560 | 37 | 0x444f55$ | 1592834419016559 | 1592834418951545 | 0 | 1592834419016559 | 37 | 0x444f4f% | 1592834418951545 | 1592834419016663 | 37
$ | 1592834419046559 | 1592834419017422 | 0 | 1592834419046559 | 37 | 0x444f4b$ | 1592834419076559 | 1592834419017422 | 0 | 1592834419076559 | 37 | 0x444f41% | 1592834419017422 | 1592834419082362 | 37
$ | 1592834419106559 | 1592834419083072 | 0 | 1592834419106559 | 37 | 0x444f55$ | 1592834419136560 | 1592834419083072 | 0 | 1592834419136560 | 37 | 0x444f55% | 1592834419083072 | 1592834419148198 | 37
$ | 1592834419166558 | 1592834419148781 | 0 | 1592834419166559 | 37 | 0x444f37$ | 1592834419196558 | 1592834419148781 | 0 | 1592834419196559 | 37 | 0x444f4b% | 1592834419148781 | 1592834419214012 | 37
$ | 1592834419226560 | 1592834419214746 | 0 | 1592834419226560 | 37 | 0x444f20$ | 1592834419256558 | 1592834419214746 | 0 | 1592834419256558 | 37 | 0x444f4b% | 1592834419214746 | 1592834419279772 | 37
$ | 1592834419286560 | 1592834419280423 | 0 | 1592834419286560 | 37 | 0x444f37$ | 1592834419316559 | 1592834419280423 | 0 | 1592834419316559 | 37 | 0x444f41% | 1592834419280423 | 1592834419345568 | 37
$ | 1592834419346559 | 1592834419346099 | 0 | 1592834419346559 | 37 | 0x444f4b$ | 1592834419376559 | 1592834419346099 | 0 | 1592834419376559 | 37 | 0x444f55$ | 1592834419406560 | 1592834419346099 | 0 | 1592834419406560 | 37 | 0x444f30% | 1592834419346099 | 1592834419411256 | 37
$ | 1592834419436558 | 1592834419411991 | 0 | 1592834419436558 | 37 | 0x444f41$ | 1592834419466558 | 1592834419411991 | 0 | 1592834419466559 | 37 | 0x444f41% | 1592834419411991 | 1592834419476992 | 37
$ | 1592834419496558 | 1592834419477624 | 0 | 1592834419496559 | 37 | 0x444f41$ | 1592834419526558 | 1592834419477624 | 0 | 1592834419526559 | 37 | 0x444f37% | 1592834419477624 | 1592834419542777 | 37
$ | 1592834419556560 | 1592834419543355 | 0 | 1592834419556560 | 37 | 0x444f37$ | 1592834419586558 | 1592834419543355 | 0 | 1592834419586558 | 37 | 0x444f45% | 1592834419543355 | 1592834419608511 | 37
$ | 1592834419616558 | 1592834419609245 | 0 | 1592834419616559 | 37 | 0x444f4b$ | 1592834419646559 | 1592834419609245 | 0 | 1592834419646559 | 37 | 0x444f41% | 1592834419609245 | 1592834419674412 | 37
$ | 1592834419676559 | 1592834419675105 | 0 | 1592834419676559 | 37 | 0x444f4b$ | 1592834419706559 | 1592834419675105 | 0 | 1592834419706559 | 37 | 0x444f41$ | 1592834419736559 | 1592834419675105 | 0 | 1592834419736559 | 37 | 0x444f37% | 1592834419675105 | 1592834419740185 | 37
$ | 1592834419766559 | 1592834419740829 | 0 | 1592834419766559 | 37 | 0x444f41$ | 1592834419796559 | 1592834419740829 | 0 | 1592834419796560 | 37 | 0x444f45% | 1592834419740829 | 1592834419805930 | 37
$ | 1592834419826559 | 1592834419806732 | 0 | 1592834419826560 | 37 | 0x444f55$ | 1592834419856559 | 1592834419806732 | 0 | 1592834419856559 | 37 | 0x444f4f% | 1592834419806732 | 1592834419871787 | 37
$ | 1592834419886560 | 1592834419872448 | 0 | 1592834419886560 | 37 | 0x444f4b$ | 1592834419916560 | 1592834419872448 | 0 | 1592834419916560 | 37 | 0x444f4f% | 1592834419872448 | 1592834419937582 | 37
$ | 1592834419946561 | 1592834419938151 | 0 | 1592834419946561 | 37 | 0x444f4b$ | 1592834419976559 | 1592834419938151 | 0 | 1592834419976559 | 37 | 0x444f4b% | 1592834419938151 | 1592834420003263 | 37
$ | 1592834420006558 | 1592834420004039 | 0 | 1592834420006559 | 37 | 0x444f4b$ | 1592834420036559 | 1592834420004039 | 0 | 1592834420036559 | 37 | 0x444f26$ | 1592834420066559 | 1592834420004039 | 0 | 1592834420066559 | 37 | 0x444f4b% | 1592834420004039 | 1592834420069078 | 37
$ | 1592834420096559 | 1592834420069706 | 0 | 1592834420096560 | 37 | 0x444f41$ | 1592834420126559 | 1592834420069706 | 0 | 1592834420126559 | 37 | 0x444f37% | 1592834420069706 | 1592834420134848 | 37
$ | 1592834420156559 | 1592834420135407 | 0 | 1592834420156559 | 37 | 0x444f4f$ | 1592834420186559 | 1592834420135407 | 0 | 1592834420186559 | 37 | 0x444f4b% | 1592834420135407 | 1592834420200692 | 37
$ | 1592834420216559 | 1592834420201435 | 0 | 1592834420216559 | 37 | 0x444f37$ | 1592834420246559 | 1592834420201435 | 0 | 1592834420246559 | 37 | 0x444f4b% | 1592834420201435 | 1592834420266471 | 37
$ | 1592834420276559 | 1592834420267136 | 0 | 1592834420276559 | 37 | 0x444f26$ | 1592834420306559 | 1592834420267136 | 0 | 1592834420306559 | 37 | 0x444f41% | 1592834420267136 | 1592834420332241 | 37
$ | 1592834420336559 | 1592834420332823 | 0 | 1592834420336559 | 37 | 0x444f4b$ | 1592834420366559 | 1592834420332823 | 0 | 1592834420366559 | 37 | 0x444f4f$ | 1592834420396559 | 1592834420332823 | 0 | 1592834420396559 | 37 | 0x444f55% | 1592834420332823 | 1592834420398019 | 37
$ | 1592834420426559 | 1592834420398681 | 0 | 1592834420426559 | 37 | 0x444f45$ | 1592834420456558 | 1592834420398681 | 0 | 1592834420456559 | 37 | 0x444f4b% | 1592834420398681 | 1592834420463720 | 37
$ | 1592834420486559 | 1592834420464288 | 0 | 1592834420486559 | 37 | 0x444f4b$ | 1592834420516559 | 1592834420464288 | 0 | 1592834420516559 | 37 | 0x444f41% | 1592834420464288 | 1592834420529411 | 37
$ | 1592834420546560 | 1592834420529946 | 0 | 1592834420546560 | 37 | 0x444f55$ | 1592834420576557 | 1592834420529946 | 0 | 1592834420576557 | 37 | 0x444f4b% | 1592834420529946 | 1592834420595076 | 37
$ | 1592834420606559 | 1592834420595843 | 0 | 1592834420606559 | 37 | 0x444f41$ | 1592834420636559 | 1592834420595843 | 0 | 1592834420636560 | 37 | 0x444f1d% | 1592834420595843 | 1592834420660847 | 37
$ | 1592834420666560 | 1592834420661515 | 0 | 1592834420666560 | 37 | 0x444f4b$ | 1592834420696558 | 1592834420661515 | 0 | 1592834420696559 | 37 | 0x444f4b$ | 1592834420726558 | 1592834420661515 | 0 | 1592834420726558 | 37 | 0x444f4b% | 1592834420661515 | 1592834420726682 | 37
$ | 1592834420756559 | 1592834420727284 | 0 | 1592834420756560 | 37 | 0x444f4f$ | 1592834420786558 | 1592834420727284 | 0 | 1592834420786559 | 37 | 0x444f37% | 1592834420727284 | 1592834420792407 | 37
$ | 1592834420816560 | 1592834420793128 | 0 | 1592834420816560 | 37 | 0x444f37$ | 1592834420846558 | 1592834420793128 | 0 | 1592834420846558 | 37 | 0x444f26% | 1592834420793128 | 1592834420858253 | 37
$ | 1592834420876559 | 1592834420858864 | 0 | 1592834420876559 | 37 | 0x444f4b$ | 1592834420906559 | 1592834420858864 | 0 | 1592834420906559 | 37 | 0x444f4b% | 1592834420858864 | 1592834420924073 | 37
$ | 1592834420936558 | 1592834420924705 | 0 | 1592834420936558 | 37 | 0x444f55$ | 1592834420966560 | 1592834420924705 | 0 | 1592834420966560 | 37 | 0x444f41% | 1592834420924705 | 1592834420989882 | 37
$ | 1592834420996559 | 1592834420990573 | 0 | 1592834420996559 | 37 | 0x444f45$ | 1592834421026559 | 1592834420990573 | 0 | 1592834421026560 | 37 | 0x444f4b% | 1592834420990573 | 1592834421055546 | 37
$ | 1592834421056556 | 1592834421056240 | 0 | 1592834421056557 | 37 | 0x444f41$ | 1592834421086558 | 1592834421056240 | 0 | 1592834421086558 | 37 | 0x444f4b$ | 1592834421116559 | 1592834421056240 | 0 | 1592834421116560 | 37 | 0x444f4b% | 1592834421056240 | 1592834421121365 | 37
$ | 1592834421146559 | 1592834421121900 | 0 | 1592834421146559 | 37 | 0x444f4b$ | 1592834421176558 | 1592834421121900 | 0 | 1592834421176559 | 37 | 0x444f4b% | 1592834421121900 | 1592834421187084 | 37
$ | 1592834421206559 | 1592834421187782 | 0 | 1592834421206559 | 37 | 0x444f37$ | 1592834421236559 | 1592834421187782 | 0 | 1592834421236559 | 37 | 0x444f45% | 1592834421187782 | 1592834421252805 | 37
$ | 1592834421266560 | 1592834421253463 | 0 | 1592834421266560 | 37 | 0x444f4b$ | 1592834421296559 | 1592834421253463 | 0 | 1592834421296559 | 37 | 0x444f55% | 1592834421253463 | 1592834421318566 | 37
$ | 1592834421326557 | 1592834421319219 | 0 | 1592834421326557 | 37 | 0x444f41$ | 1592834421356559 | 1592834421319219 | 0 | 1592834421356559 | 37 | 0x444f4b% | 1592834421319219 | 1592834421384388 | 37
$ | 1592834421386558 | 1592834421385115 | 0 | 1592834421386558 | 37 | 0x444f30$ | 1592834421416558 | 1592834421385115 | 0 | 1592834421416559 | 37 | 0x444f37$ | 1592834421446559 | 1592834421385115 | 0 | 1592834421446559 | 37 | 0x444f4b% | 1592834421385115 | 1592834421450158 | 37
$ | 1592834421476559 | 1592834421450781 | 0 | 1592834421476559 | 37 | 0x444f55$ | 1592834421506559 | 1592834421450781 | 0 | 1592834421506560 | 37 | 0x444f41% | 1592834421450781 | 1592834421515908 | 37
$ | 1592834421536559 | 1592834421516553 | 0 | 1592834421536559 | 37 | 0x444f4b$ | 1592834421566558 | 1592834421516553 | 0 | 1592834421566559 | 37 | 0x444f45% | 1592834421516553 | 1592834421581674 | 37
$ | 1592834421596558 | 1592834421582410 | 0 | 1592834421596558 | 37 | 0x444f41$ | 1592834421626559 | 1592834421582410 | 0 | 1592834421626559 | 37 | 0x444f4b% | 1592834421582410 | 1592834421647443 | 37
$ | 1592834421656559 | 1592834421648085 | 0 | 1592834421656560 | 37 | 0x444f55$ | 1592834421686559 | 1592834421648085 | 0 | 1592834421686559 | 37 | 0x444f4b% | 1592834421648085 | 1592834421713193 | 37
$ | 1592834421716558 | 1592834421713762 | 0 | 1592834421716558 | 37 | 0x444f1d$ | 1592834421746558 | 1592834421713762 | 0 | 1592834421746559 | 37 | 0x444f55$ | 1592834421776559 | 1592834421713762 | 0 | 1592834421776559 | 37 | 0x444f4b% | 1592834421713762 | 1592834421778900 | 37
$ | 1592834421806560 | 1592834421779592 | 0 | 1592834421806560 | 37 | 0x444f4b$ | 1592834421836559 | 1592834421779592 | 0 | 1592834421836559 | 37 | 0x444f4b% | 1592834421779592 | 1592834421844587 | 37
$ | 1592834421866559 | 1592834421845218 | 0 | 1592834421866559 | 37 | 0x444f41$ | 1592834421896559 | 1592834421845218 | 0 | 1592834421896559 | 37 | 0x444f37% | 1592834421845218 | 1592834421910315 | 37
$ | 1592834421926559 | 1592834421910956 | 0 | 1592834421926559 | 37 | 0x444f4b$ | 1592834421956558 | 1592834421910956 | 0 | 1592834421956558 | 37 | 0x444f4b% | 1592834421910956 | 1592834421976127 | 37
$ | 1592834421986559 | 1592834421976831 | 0 | 1592834421986560 | 37 | 0x444f4f$ | 1592834422016558 | 1592834421976831 | 0 | 1592834422016559 | 37 | 0x444f4b% | 1592834421976831 | 1592834422041869 | 37
$ | 1592834422046558 | 1592834422042488 | 0 | 1592834422046559 | 37 | 0x444f4f$ | 1592834422076559 | 1592834422042488 | 0 | 1592834422076559 | 37 | 0x444f4b$ | 1592834422106559 | 1592834422042488 | 0 | 1592834422106559 | 37 | 0x444f41% | 1592834422042488 | 1592834422107625 | 37
$ | 1592834422136560 | 1592834422108229 | 0 | 1592834422136560 | 37 | 0x444f1d$ | 1592834422166558 | 1592834422108229 | 0 | 1592834422166558 | 37 | 0x444f37% | 1592834422108229 | 1592834422173370 | 37
$ | 1592834422196559 | 1592834422174119 | 0 | 1592834422196560 | 37 | 0x444f4b$ | 1592834422226558 | 1592834422174119 | 0 | 1592834422226559 | 37 | 0x444f41% | 1592834422174119 | 1592834422239142 | 37
$ | 1592834422256559 | 1592834422239775 | 0 | 1592834422256559 | 37 | 0x444f4b$ | 1592834422286560 | 1592834422239775 | 0 | 1592834422286560 | 37 | 0x444f37% | 1592834422239775 | 1592834422304926 | 37
$ | 1592834422316559 | 1592834422305514 | 0 | 1592834422316560 | 37 | 0x444f4f$ | 1592834422346559 | 1592834422305514 | 0 | 1592834422346559 | 37 | 0x444f55% | 1592834422305514 | 1592834422370704 | 37
$ | 1592834422376559 | 1592834422371360 | 0 | 1592834422376559 | 37 | 0x444f4b$ | 1592834422406558 | 1592834422371360 | 0 | 1592834422406559 | 37 | 0x444f4b% | 1592834422371360 | 1592834422436323 | 37
$ | 1592834422436555 | 1592834422436457 | 0 | 1592834422436555 | 29 | 0x7fab70c545fe% | 1592834422436457 | 1592834422436968 | 29
$ | 1592834422466560 | 1592834422436980 | 0 | 1592834422466560 | 37 | 0x444f4b$ | 1592834422496558 | 1592834422436980 | 0 | 1592834422496559 | 37 | 0x444f37% | 1592834422436980 | 1592834422502109 | 37
$ | 1592834422526559 | 1592834422502648 | 0 | 1592834422526559 | 37 | 0x444f41$ | 1592834422556559 | 1592834422502648 | 0 | 1592834422556559 | 37 | 0x444f55% | 1592834422502648 | 1592834422567786 | 37
$ | 1592834422586559 | 1592834422568565 | 0 | 1592834422586559 | 37 | 0x444f45$ | 1592834422616558 | 1592834422568565 | 0 | 1592834422616558 | 37 | 0x444f45% | 1592834422568565 | 1592834422633601 | 37
# exe: /lustrehome/home/s.engkadac/profiling/wave2d/tau/ex05-with-taucompilers-tracing/wave2d
# node: 15
# thread: 0
