# Format version: 0.2
# $ | <timestamp> | <delta-begin> | <delta-end> | <metric 1> ... <metric N> | <tau callpath> | <location> [ PC callstack ]
# % | <delta-begin metric 1> ... <delta-begin metric N> | <delta-end metric 1> ... <delta-end metric N> | <tau callpath>
# Metrics: TIME
$ | 1592834415955509 | 1592834415929498 | 0 | 1592834415955509 | 15 | 0x4450a8$ | 1592834415985510 | 1592834415929498 | 0 | 1592834415985510 | 15 | 0x4450d0$ | 1592834416015507 | 1592834415989034 | 0 | 1592834416015507 | 18 | 0x44523c$ | 1592834416045504 | 1592834415989034 | 0 | 1592834416045504 | 18 | 0x44523c$ | 1592834416075503 | 1592834415989034 | 0 | 1592834416075503 | 18 | 0x44523c% | 1592834415989034 | 1592834416104604 | 18
% | 1592834415929498 | 1592834416104606 | 15
$ | 1592834416105510 | 1592834416105054 | 0 | 1592834416105510 | 37 | 0x444f45$ | 1592834416135510 | 1592834416105054 | 0 | 1592834416135510 | 37 | 0x444f30$ | 1592834416165510 | 1592834416105054 | 0 | 1592834416165510 | 37 | 0x444f4b% | 1592834416105054 | 1592834416170342 | 37
$ | 1592834416195511 | 1592834416170543 | 0 | 1592834416195511 | 37 | 0x444f55$ | 1592834416225509 | 1592834416170543 | 0 | 1592834416225510 | 37 | 0x444f55% | 1592834416170543 | 1592834416234140 | 37
$ | 1592834416255512 | 1592834416234851 | 0 | 1592834416255512 | 37 | 0x444f4b$ | 1592834416285511 | 1592834416234851 | 0 | 1592834416285511 | 37 | 0x444f4b% | 1592834416234851 | 1592834416298564 | 37
$ | 1592834416315511 | 1592834416299413 | 0 | 1592834416315511 | 37 | 0x444f41$ | 1592834416345510 | 1592834416299413 | 0 | 1592834416345510 | 37 | 0x444f4b% | 1592834416299413 | 1592834416363141 | 37
$ | 1592834416375511 | 1592834416363678 | 0 | 1592834416375512 | 37 | 0x444f4f$ | 1592834416405510 | 1592834416363678 | 0 | 1592834416405510 | 37 | 0x444f4b% | 1592834416363678 | 1592834416427293 | 37
$ | 1592834416435510 | 1592834416427967 | 0 | 1592834416435510 | 37 | 0x444f4b$ | 1592834416465510 | 1592834416427967 | 0 | 1592834416465510 | 37 | 0x444f4f% | 1592834416427967 | 1592834416491659 | 37
$ | 1592834416495510 | 1592834416492434 | 0 | 1592834416495510 | 37 | 0x444f4b$ | 1592834416525510 | 1592834416492434 | 0 | 1592834416525510 | 37 | 0x444f4b$ | 1592834416555510 | 1592834416492434 | 0 | 1592834416555510 | 37 | 0x444f45% | 1592834416492434 | 1592834416556111 | 37
$ | 1592834416585510 | 1592834416556654 | 0 | 1592834416585511 | 37 | 0x444f41$ | 1592834416615509 | 1592834416556654 | 0 | 1592834416615510 | 37 | 0x444f4b% | 1592834416556654 | 1592834416620289 | 37
$ | 1592834416645510 | 1592834416620931 | 0 | 1592834416645511 | 37 | 0x444f4b$ | 1592834416675510 | 1592834416620931 | 0 | 1592834416675510 | 37 | 0x444f4b% | 1592834416620931 | 1592834416684671 | 37
$ | 1592834416705510 | 1592834416685419 | 0 | 1592834416705510 | 37 | 0x444f41$ | 1592834416735510 | 1592834416685419 | 0 | 1592834416735510 | 37 | 0x444f41% | 1592834416685419 | 1592834416749113 | 37
$ | 1592834416765511 | 1592834416749715 | 0 | 1592834416765512 | 37 | 0x444f4b$ | 1592834416795509 | 1592834416749715 | 0 | 1592834416795509 | 37 | 0x444f45% | 1592834416749715 | 1592834416813369 | 37
$ | 1592834416825511 | 1592834416814014 | 0 | 1592834416825511 | 37 | 0x444f45$ | 1592834416855510 | 1592834416814014 | 0 | 1592834416855510 | 37 | 0x444f45% | 1592834416814014 | 1592834416877774 | 37
$ | 1592834416885510 | 1592834416878488 | 0 | 1592834416885511 | 37 | 0x444f4b$ | 1592834416915510 | 1592834416878488 | 0 | 1592834416915510 | 37 | 0x444f4f% | 1592834416878488 | 1592834416942156 | 37
$ | 1592834416945509 | 1592834416942683 | 0 | 1592834416945510 | 37 | 0x444f45$ | 1592834416975510 | 1592834416942683 | 0 | 1592834416975511 | 37 | 0x444f4b$ | 1592834417005510 | 1592834416942683 | 0 | 1592834417005510 | 37 | 0x444f4b% | 1592834416942683 | 1592834417006337 | 37
$ | 1592834417035511 | 1592834417007040 | 0 | 1592834417035511 | 37 | 0x444f55$ | 1592834417065511 | 1592834417007040 | 0 | 1592834417065511 | 37 | 0x444f4b% | 1592834417007040 | 1592834417070741 | 37
$ | 1592834417095511 | 1592834417071505 | 0 | 1592834417095511 | 37 | 0x444f26$ | 1592834417125510 | 1592834417071505 | 0 | 1592834417125510 | 37 | 0x444f4b% | 1592834417071505 | 1592834417135201 | 37
$ | 1592834417155511 | 1592834417135775 | 0 | 1592834417155511 | 37 | 0x444f4b$ | 1592834417185511 | 1592834417135775 | 0 | 1592834417185512 | 37 | 0x444f2c% | 1592834417135775 | 1592834417199434 | 37
$ | 1592834417215511 | 1592834417200130 | 0 | 1592834417215512 | 37 | 0x444f41$ | 1592834417245510 | 1592834417200130 | 0 | 1592834417245510 | 37 | 0x444f41% | 1592834417200130 | 1592834417263874 | 37
$ | 1592834417275511 | 1592834417264567 | 0 | 1592834417275511 | 37 | 0x444f4b$ | 1592834417305510 | 1592834417264567 | 0 | 1592834417305510 | 37 | 0x444f4b% | 1592834417264567 | 1592834417328273 | 37
$ | 1592834417335511 | 1592834417328822 | 0 | 1592834417335511 | 37 | 0x444f4f$ | 1592834417365510 | 1592834417328822 | 0 | 1592834417365511 | 37 | 0x444f2c% | 1592834417328822 | 1592834417392413 | 37
$ | 1592834417395510 | 1592834417393087 | 0 | 1592834417395511 | 37 | 0x444f4b$ | 1592834417425510 | 1592834417393087 | 0 | 1592834417425510 | 37 | 0x444f41$ | 1592834417455510 | 1592834417393087 | 0 | 1592834417455511 | 37 | 0x444f37% | 1592834417393087 | 1592834417456829 | 37
$ | 1592834417485511 | 1592834417457580 | 0 | 1592834417485511 | 37 | 0x444f41$ | 1592834417515511 | 1592834417457580 | 0 | 1592834417515511 | 37 | 0x444f4b% | 1592834417457580 | 1592834417521261 | 37
$ | 1592834417545510 | 1592834417521838 | 0 | 1592834417545510 | 37 | 0x444f4b$ | 1592834417575511 | 1592834417521838 | 0 | 1592834417575511 | 37 | 0x444f4b% | 1592834417521838 | 1592834417585448 | 37
$ | 1592834417605510 | 1592834417586156 | 0 | 1592834417605510 | 37 | 0x444f37$ | 1592834417635510 | 1592834417586156 | 0 | 1592834417635510 | 37 | 0x444f26% | 1592834417586156 | 1592834417649917 | 37
$ | 1592834417665512 | 1592834417650582 | 0 | 1592834417665512 | 37 | 0x444f4b$ | 1592834417695510 | 1592834417650582 | 0 | 1592834417695511 | 37 | 0x444f45% | 1592834417650582 | 1592834417714237 | 37
$ | 1592834417725511 | 1592834417714879 | 0 | 1592834417725511 | 37 | 0x444f4b$ | 1592834417755510 | 1592834417714879 | 0 | 1592834417755510 | 37 | 0x444f4b% | 1592834417714879 | 1592834417778522 | 37
$ | 1592834417785511 | 1592834417779167 | 0 | 1592834417785511 | 37 | 0x444f45$ | 1592834417815510 | 1592834417779167 | 0 | 1592834417815510 | 37 | 0x444f55% | 1592834417779167 | 1592834417842868 | 37
$ | 1592834417845510 | 1592834417843596 | 0 | 1592834417845510 | 37 | 0x444f4b$ | 1592834417875510 | 1592834417843596 | 0 | 1592834417875510 | 37 | 0x444f4b$ | 1592834417905511 | 1592834417843596 | 0 | 1592834417905511 | 37 | 0x444f4b% | 1592834417843596 | 1592834417907302 | 37
$ | 1592834417935511 | 1592834417907864 | 0 | 1592834417935512 | 37 | 0x444f41$ | 1592834417965510 | 1592834417907864 | 0 | 1592834417965511 | 37 | 0x444f4b% | 1592834417907864 | 1592834417971459 | 37
$ | 1592834417995512 | 1592834417972161 | 0 | 1592834417995512 | 37 | 0x444f4b$ | 1592834418025510 | 1592834417972161 | 0 | 1592834418025510 | 37 | 0x444f45% | 1592834417972161 | 1592834418035880 | 37
$ | 1592834418055511 | 1592834418036604 | 0 | 1592834418055511 | 37 | 0x444f55$ | 1592834418085511 | 1592834418036604 | 0 | 1592834418085511 | 37 | 0x444f30% | 1592834418036604 | 1592834418100330 | 37
$ | 1592834418115511 | 1592834418100884 | 0 | 1592834418115512 | 37 | 0x444f15$ | 1592834418145510 | 1592834418100884 | 0 | 1592834418145510 | 37 | 0x444f1d% | 1592834418100884 | 1592834418164563 | 37
$ | 1592834418175510 | 1592834418165212 | 0 | 1592834418175511 | 37 | 0x444f4b$ | 1592834418205511 | 1592834418165212 | 0 | 1592834418205511 | 37 | 0x444f4b% | 1592834418165212 | 1592834418228958 | 37
$ | 1592834418235510 | 1592834418229652 | 0 | 1592834418235510 | 37 | 0x444f41$ | 1592834418265509 | 1592834418229652 | 0 | 1592834418265510 | 37 | 0x444f55% | 1592834418229652 | 1592834418293325 | 37
$ | 1592834418295509 | 1592834418293921 | 0 | 1592834418295509 | 37 | 0x444f30$ | 1592834418325510 | 1592834418293921 | 0 | 1592834418325510 | 37 | 0x444f55$ | 1592834418355512 | 1592834418293921 | 0 | 1592834418355512 | 37 | 0x444f4b% | 1592834418293921 | 1592834418359111 | 37
$ | 1592834418385513 | 1592834418359802 | 0 | 1592834418385513 | 37 | 0x444f55$ | 1592834418415511 | 1592834418359802 | 0 | 1592834418415511 | 37 | 0x444f26% | 1592834418359802 | 1592834418425089 | 37
$ | 1592834418445512 | 1592834418425627 | 0 | 1592834418445512 | 37 | 0x444f37$ | 1592834418475510 | 1592834418425627 | 0 | 1592834418475510 | 37 | 0x444f4b% | 1592834418425627 | 1592834418490926 | 37
$ | 1592834418505511 | 1592834418491277 | 0 | 1592834418505511 | 37 | 0x444f45$ | 1592834418535511 | 1592834418491277 | 0 | 1592834418535511 | 37 | 0x444f45% | 1592834418491277 | 1592834418556500 | 37
$ | 1592834418565510 | 1592834418557020 | 0 | 1592834418565510 | 37 | 0x444f45$ | 1592834418595510 | 1592834418557020 | 0 | 1592834418595510 | 37 | 0x444f4b% | 1592834418557020 | 1592834418622298 | 37
$ | 1592834418625510 | 1592834418622869 | 0 | 1592834418625510 | 37 | 0x444f26$ | 1592834418655511 | 1592834418622869 | 0 | 1592834418655511 | 37 | 0x444f4b$ | 1592834418685511 | 1592834418622869 | 0 | 1592834418685511 | 37 | 0x444f4b% | 1592834418622869 | 1592834418688127 | 37
$ | 1592834418715511 | 1592834418688545 | 0 | 1592834418715511 | 37 | 0x444f41$ | 1592834418745510 | 1592834418688545 | 0 | 1592834418745511 | 37 | 0x444f37% | 1592834418688545 | 1592834418753788 | 37
$ | 1592834418775512 | 1592834418754251 | 0 | 1592834418775512 | 37 | 0x444f4f$ | 1592834418805510 | 1592834418754251 | 0 | 1592834418805510 | 37 | 0x444f41% | 1592834418754251 | 1592834418819591 | 37
$ | 1592834418835511 | 1592834418820137 | 0 | 1592834418835511 | 37 | 0x444f4b$ | 1592834418865511 | 1592834418820137 | 0 | 1592834418865511 | 37 | 0x444f4b% | 1592834418820137 | 1592834418885410 | 37
$ | 1592834418895511 | 1592834418885812 | 0 | 1592834418895511 | 37 | 0x444f41$ | 1592834418925510 | 1592834418885812 | 0 | 1592834418925511 | 37 | 0x444f55% | 1592834418885812 | 1592834418951019 | 37
$ | 1592834418955510 | 1592834418951500 | 0 | 1592834418955510 | 37 | 0x444f4b$ | 1592834418985511 | 1592834418951500 | 0 | 1592834418985512 | 37 | 0x444f4b$ | 1592834419015510 | 1592834418951500 | 0 | 1592834419015510 | 37 | 0x444f41% | 1592834418951500 | 1592834419016800 | 37
$ | 1592834419045510 | 1592834419017382 | 0 | 1592834419045511 | 37 | 0x444f55$ | 1592834419075510 | 1592834419017382 | 0 | 1592834419075510 | 37 | 0x444f45% | 1592834419017382 | 1592834419082590 | 37
$ | 1592834419105511 | 1592834419083029 | 0 | 1592834419105511 | 37 | 0x444f1d$ | 1592834419135510 | 1592834419083029 | 0 | 1592834419135510 | 37 | 0x444f41% | 1592834419083029 | 1592834419148219 | 37
$ | 1592834419165510 | 1592834419148736 | 0 | 1592834419165510 | 37 | 0x444f41$ | 1592834419195510 | 1592834419148736 | 0 | 1592834419195510 | 37 | 0x444f4b% | 1592834419148736 | 1592834419214117 | 37
$ | 1592834419225511 | 1592834419214703 | 0 | 1592834419225511 | 37 | 0x444f37$ | 1592834419255511 | 1592834419214703 | 0 | 1592834419255511 | 37 | 0x444f4f% | 1592834419214703 | 1592834419279962 | 37
$ | 1592834419285510 | 1592834419280382 | 0 | 1592834419285510 | 37 | 0x444f41$ | 1592834419315510 | 1592834419280382 | 0 | 1592834419315510 | 37 | 0x444f4b$ | 1592834419345511 | 1592834419280382 | 0 | 1592834419345511 | 37 | 0x444f55% | 1592834419280382 | 1592834419345586 | 37
$ | 1592834419375511 | 1592834419346062 | 0 | 1592834419375511 | 37 | 0x444f41$ | 1592834419405509 | 1592834419346062 | 0 | 1592834419405509 | 37 | 0x444f37% | 1592834419346062 | 1592834419411355 | 37
$ | 1592834419435512 | 1592834419411947 | 0 | 1592834419435512 | 37 | 0x444f41$ | 1592834419465510 | 1592834419411947 | 0 | 1592834419465510 | 37 | 0x444f41% | 1592834419411947 | 1592834419477213 | 37
$ | 1592834419495511 | 1592834419477581 | 0 | 1592834419495511 | 37 | 0x444f55$ | 1592834419525510 | 1592834419477581 | 0 | 1592834419525510 | 37 | 0x444f20% | 1592834419477581 | 1592834419542789 | 37
$ | 1592834419555511 | 1592834419543309 | 0 | 1592834419555511 | 37 | 0x444f4b$ | 1592834419585510 | 1592834419543309 | 0 | 1592834419585511 | 37 | 0x444f4b% | 1592834419543309 | 1592834419608613 | 37
$ | 1592834419615510 | 1592834419609198 | 0 | 1592834419615511 | 37 | 0x444f4b$ | 1592834419645510 | 1592834419609198 | 0 | 1592834419645510 | 37 | 0x444f4b% | 1592834419609198 | 1592834419674595 | 37
$ | 1592834419675509 | 1592834419675065 | 0 | 1592834419675510 | 37 | 0x444f4f$ | 1592834419705510 | 1592834419675065 | 0 | 1592834419705510 | 37 | 0x444f4b$ | 1592834419735508 | 1592834419675065 | 0 | 1592834419735508 | 37 | 0x444f37% | 1592834419675065 | 1592834419740245 | 37
$ | 1592834419765511 | 1592834419740785 | 0 | 1592834419765511 | 37 | 0x444f55$ | 1592834419795510 | 1592834419740785 | 0 | 1592834419795510 | 37 | 0x444f4b% | 1592834419740785 | 1592834419806089 | 37
$ | 1592834419825510 | 1592834419806682 | 0 | 1592834419825511 | 37 | 0x444f4b$ | 1592834419855511 | 1592834419806682 | 0 | 1592834419855511 | 37 | 0x444f41% | 1592834419806682 | 1592834419871969 | 37
$ | 1592834419885510 | 1592834419872399 | 0 | 1592834419885511 | 37 | 0x444f41$ | 1592834419915510 | 1592834419872399 | 0 | 1592834419915511 | 37 | 0x444f45% | 1592834419872399 | 1592834419937612 | 37
$ | 1592834419945511 | 1592834419938108 | 0 | 1592834419945511 | 37 | 0x444f41$ | 1592834419975511 | 1592834419938108 | 0 | 1592834419975511 | 37 | 0x444f4b% | 1592834419938108 | 1592834420003351 | 37
$ | 1592834420005509 | 1592834420003998 | 0 | 1592834420005509 | 37 | 0x444f4f$ | 1592834420035510 | 1592834420003998 | 0 | 1592834420035511 | 37 | 0x444f4b$ | 1592834420065511 | 1592834420003998 | 0 | 1592834420065511 | 37 | 0x444f4b% | 1592834420003998 | 1592834420069286 | 37
$ | 1592834420095511 | 1592834420069661 | 0 | 1592834420095511 | 37 | 0x444f37$ | 1592834420125511 | 1592834420069661 | 0 | 1592834420125511 | 37 | 0x444f4b% | 1592834420069661 | 1592834420134889 | 37
$ | 1592834420155511 | 1592834420135365 | 0 | 1592834420155511 | 37 | 0x444f58$ | 1592834420185512 | 1592834420135365 | 0 | 1592834420185513 | 37 | 0x444f1d% | 1592834420135365 | 1592834420200804 | 37
$ | 1592834420215511 | 1592834420201390 | 0 | 1592834420215511 | 37 | 0x444f41$ | 1592834420245510 | 1592834420201390 | 0 | 1592834420245511 | 37 | 0x444f55% | 1592834420201390 | 1592834420266667 | 37
$ | 1592834420275512 | 1592834420267096 | 0 | 1592834420275512 | 37 | 0x444f4f$ | 1592834420305509 | 1592834420267096 | 0 | 1592834420305509 | 37 | 0x444f4b% | 1592834420267096 | 1592834420332301 | 37
$ | 1592834420335509 | 1592834420332779 | 0 | 1592834420335509 | 37 | 0x444f4b$ | 1592834420365510 | 1592834420332779 | 0 | 1592834420365511 | 37 | 0x444f4b$ | 1592834420395511 | 1592834420332779 | 0 | 1592834420395512 | 37 | 0x444f41% | 1592834420332779 | 1592834420398101 | 37
$ | 1592834420425510 | 1592834420398639 | 0 | 1592834420425511 | 37 | 0x444f41$ | 1592834420455510 | 1592834420398639 | 0 | 1592834420455510 | 37 | 0x444f41% | 1592834420398639 | 1592834420463919 | 37
$ | 1592834420485511 | 1592834420464242 | 0 | 1592834420485511 | 37 | 0x444f37$ | 1592834420515510 | 1592834420464242 | 0 | 1592834420515510 | 37 | 0x444f41% | 1592834420464242 | 1592834420529431 | 37
$ | 1592834420545511 | 1592834420529908 | 0 | 1592834420545511 | 37 | 0x444f55$ | 1592834420575510 | 1592834420529908 | 0 | 1592834420575510 | 37 | 0x444f4b% | 1592834420529908 | 1592834420595205 | 37
$ | 1592834420605511 | 1592834420595797 | 0 | 1592834420605512 | 37 | 0x444f4b$ | 1592834420635511 | 1592834420595797 | 0 | 1592834420635511 | 37 | 0x444f4b% | 1592834420595797 | 1592834420661050 | 37
$ | 1592834420665510 | 1592834420661473 | 0 | 1592834420665511 | 37 | 0x444f4b$ | 1592834420695510 | 1592834420661473 | 0 | 1592834420695510 | 37 | 0x444f4b$ | 1592834420725510 | 1592834420661473 | 0 | 1592834420725510 | 37 | 0x444f4b% | 1592834420661473 | 1592834420726662 | 37
$ | 1592834420755511 | 1592834420727240 | 0 | 1592834420755511 | 37 | 0x444f41$ | 1592834420785511 | 1592834420727240 | 0 | 1592834420785511 | 37 | 0x444f41% | 1592834420727240 | 1592834420792531 | 37
$ | 1592834420815512 | 1592834420793083 | 0 | 1592834420815512 | 37 | 0x444f4b$ | 1592834420845509 | 1592834420793083 | 0 | 1592834420845510 | 37 | 0x444f4b% | 1592834420793083 | 1592834420858439 | 37
$ | 1592834420875511 | 1592834420858820 | 0 | 1592834420875511 | 37 | 0x444f41$ | 1592834420905511 | 1592834420858820 | 0 | 1592834420905511 | 37 | 0x444f41% | 1592834420858820 | 1592834420924134 | 37
$ | 1592834420935511 | 1592834420924663 | 0 | 1592834420935512 | 37 | 0x444f4b$ | 1592834420965511 | 1592834420924663 | 0 | 1592834420965511 | 37 | 0x444f4b% | 1592834420924663 | 1592834420989977 | 37
$ | 1592834420995511 | 1592834420990528 | 0 | 1592834420995511 | 37 | 0x444f26$ | 1592834421025510 | 1592834420990528 | 0 | 1592834421025510 | 37 | 0x444f45$ | 1592834421055510 | 1592834420990528 | 0 | 1592834421055510 | 37 | 0x444f37% | 1592834420990528 | 1592834421055774 | 37
$ | 1592834421085510 | 1592834421056191 | 0 | 1592834421085511 | 37 | 0x444f41$ | 1592834421115511 | 1592834421056191 | 0 | 1592834421115511 | 37 | 0x444f4b% | 1592834421056191 | 1592834421121332 | 37
$ | 1592834421145511 | 1592834421121858 | 0 | 1592834421145511 | 37 | 0x444f4b$ | 1592834421175509 | 1592834421121858 | 0 | 1592834421175510 | 37 | 0x444f41% | 1592834421121858 | 1592834421187194 | 37
$ | 1592834421205511 | 1592834421187736 | 0 | 1592834421205511 | 37 | 0x444f4b$ | 1592834421235510 | 1592834421187736 | 0 | 1592834421235510 | 37 | 0x444f4f% | 1592834421187736 | 1592834421253011 | 37
$ | 1592834421265510 | 1592834421253424 | 0 | 1592834421265511 | 37 | 0x444f4f$ | 1592834421295510 | 1592834421253424 | 0 | 1592834421295510 | 37 | 0x444f4b% | 1592834421253424 | 1592834421318650 | 37
$ | 1592834421325510 | 1592834421319170 | 0 | 1592834421325511 | 37 | 0x444f4b$ | 1592834421355510 | 1592834421319170 | 0 | 1592834421355510 | 37 | 0x444f41% | 1592834421319170 | 1592834421384473 | 37
$ | 1592834421385510 | 1592834421385073 | 0 | 1592834421385510 | 37 | 0x444f41$ | 1592834421415510 | 1592834421385073 | 0 | 1592834421415510 | 37 | 0x444f30$ | 1592834421445511 | 1592834421385073 | 0 | 1592834421445511 | 37 | 0x444f30% | 1592834421385073 | 1592834421450350 | 37
$ | 1592834421475511 | 1592834421450740 | 0 | 1592834421475511 | 37 | 0x444f41$ | 1592834421505511 | 1592834421450740 | 0 | 1592834421505511 | 37 | 0x444f55% | 1592834421450740 | 1592834421515939 | 37
$ | 1592834421535510 | 1592834421516508 | 0 | 1592834421535511 | 37 | 0x444f4b$ | 1592834421565510 | 1592834421516508 | 0 | 1592834421565510 | 37 | 0x444f41% | 1592834421516508 | 1592834421581840 | 37
$ | 1592834421595510 | 1592834421582368 | 0 | 1592834421595510 | 37 | 0x444f4b$ | 1592834421625508 | 1592834421582368 | 0 | 1592834421625509 | 37 | 0x444f4b% | 1592834421582368 | 1592834421647682 | 37
$ | 1592834421655511 | 1592834421648043 | 0 | 1592834421655511 | 37 | 0x444f41$ | 1592834421685511 | 1592834421648043 | 0 | 1592834421685511 | 37 | 0x444f41% | 1592834421648043 | 1592834421713238 | 37
$ | 1592834421715510 | 1592834421713718 | 0 | 1592834421715510 | 37 | 0x444f41$ | 1592834421745510 | 1592834421713718 | 0 | 1592834421745511 | 37 | 0x444f37$ | 1592834421775510 | 1592834421713718 | 0 | 1592834421775511 | 37 | 0x444f4b% | 1592834421713718 | 1592834421779034 | 37
$ | 1592834421805511 | 1592834421779546 | 0 | 1592834421805511 | 37 | 0x444f45$ | 1592834421835512 | 1592834421779546 | 0 | 1592834421835512 | 37 | 0x444f55% | 1592834421779546 | 1592834421844790 | 37
$ | 1592834421865511 | 1592834421845176 | 0 | 1592834421865512 | 37 | 0x444f41$ | 1592834421895511 | 1592834421845176 | 0 | 1592834421895511 | 37 | 0x444f4b% | 1592834421845176 | 1592834421910344 | 37
$ | 1592834421925510 | 1592834421910908 | 0 | 1592834421925510 | 37 | 0x444f37$ | 1592834421955510 | 1592834421910908 | 0 | 1592834421955511 | 37 | 0x444f45% | 1592834421910908 | 1592834421976234 | 37
$ | 1592834421985512 | 1592834421976794 | 0 | 1592834421985512 | 37 | 0x444f4b$ | 1592834422015510 | 1592834421976794 | 0 | 1592834422015510 | 37 | 0x444f55% | 1592834421976794 | 1592834422042056 | 37
$ | 1592834422045510 | 1592834422042442 | 0 | 1592834422045510 | 37 | 0x444f45$ | 1592834422075510 | 1592834422042442 | 0 | 1592834422075511 | 37 | 0x444f26$ | 1592834422105511 | 1592834422042442 | 0 | 1592834422105512 | 37 | 0x444f1d% | 1592834422042442 | 1592834422107621 | 37
$ | 1592834422135510 | 1592834422108187 | 0 | 1592834422135511 | 37 | 0x444f4b$ | 1592834422165506 | 1592834422108187 | 0 | 1592834422165507 | 37 | 0x444f55% | 1592834422108187 | 1592834422173518 | 37
$ | 1592834422195510 | 1592834422174074 | 0 | 1592834422195510 | 37 | 0x444f4b$ | 1592834422225511 | 1592834422174074 | 0 | 1592834422225511 | 37 | 0x444f41% | 1592834422174074 | 1592834422239305 | 37
$ | 1592834422255510 | 1592834422239738 | 0 | 1592834422255510 | 37 | 0x444f41$ | 1592834422285511 | 1592834422239738 | 0 | 1592834422285511 | 37 | 0x444f4b% | 1592834422239738 | 1592834422304957 | 37
$ | 1592834422315510 | 1592834422305474 | 0 | 1592834422315511 | 37 | 0x444f4b$ | 1592834422345510 | 1592834422305474 | 0 | 1592834422345510 | 37 | 0x444f4b% | 1592834422305474 | 1592834422370779 | 37
$ | 1592834422375509 | 1592834422371317 | 0 | 1592834422375510 | 37 | 0x444f55$ | 1592834422405511 | 1592834422371317 | 0 | 1592834422405511 | 37 | 0x444f45$ | 1592834422435510 | 1592834422371317 | 0 | 1592834422435510 | 37 | 0x444f4b% | 1592834422371317 | 1592834422436587 | 37
$ | 1592834422465511 | 1592834422436935 | 0 | 1592834422465511 | 37 | 0x444f4b$ | 1592834422495511 | 1592834422436935 | 0 | 1592834422495512 | 37 | 0x444f41% | 1592834422436935 | 1592834422502118 | 37
$ | 1592834422525512 | 1592834422502607 | 0 | 1592834422525512 | 37 | 0x444f41$ | 1592834422555510 | 1592834422502607 | 0 | 1592834422555510 | 37 | 0x444f4b% | 1592834422502607 | 1592834422567846 | 37
$ | 1592834422585512 | 1592834422568519 | 0 | 1592834422585512 | 37 | 0x444f4b$ | 1592834422615511 | 1592834422568519 | 0 | 1592834422615511 | 37 | 0x444f26% | 1592834422568519 | 1592834422633816 | 37
# exe: /lustrehome/home/s.engkadac/profiling/wave2d/tau/ex05-with-taucompilers-tracing/wave2d
# node: 10
# thread: 0
